 8221.56486443929 2.6785900E-14
  8230.3540027795 1.9899360E-14
 8239.14113408714 2.0103470E-14
  8247.9262583622 1.9654020E-14
 8256.70937560468 1.9639250E-14
  8265.4904858146 1.7783690E-14
 8274.26958899193 1.7808470E-14
 8283.04668513669 1.7224120E-14
 8291.82177424887 1.7254900E-14
 8300.59485632848 1.8051870E-14
 8309.36593137551 1.6331930E-14
 8318.13499938996 1.6638470E-14
 8326.90206037184 1.7377480E-14
 8335.66711432115 1.6528310E-14
 8344.43016123787 1.7043260E-14
 8353.19120112202 1.7236580E-14
  8361.9502339736 1.9895370E-14
  8370.7072597926 1.7232380E-14
 8379.46227857903 1.5973930E-14
 8388.21529033288 1.5330720E-14
 8396.96629505415 1.7335130E-14
 8405.71529274285 1.3677730E-14
 8414.46228339897 1.7208510E-14
 8423.20726702251 1.4659760E-14
 8431.95024361349 1.5675220E-14
 8440.69121317188 2.6788210E-14
  8449.4301756977 3.2520810E-14
 8458.16713119094 1.5801100E-14
 8466.90207965161 1.9421410E-14
  8475.6350210797 1.5447600E-14
 8484.36595547521 1.2596360E-14
 8493.09488283815 1.3393650E-14
 8501.82180316851 2.3261430E-14
  8510.5467164663 1.8297010E-14
 8519.26962273151 1.1439140E-14
 8527.99052196415 1.1540060E-14
 8536.70941416421 1.4112190E-14
 8545.42629933169 2.4414480E-14
  8554.1411774666 1.5275560E-14
 8562.85404856893 1.0926760E-14
 8571.56491263869 1.1187990E-14
 8580.27376967587 1.2393590E-14
 8588.98061968048 1.4499530E-14
 8597.68546265251 2.7622730E-14
 8606.38829859196 1.8882050E-14
 8615.08912749884 1.2612310E-14
 8623.78794937314 1.1609060E-14
 8632.48476421487 1.0355530E-14
 8641.17957202402 1.1051890E-14
 8649.87237280059 1.0700750E-14
 8658.56316654459 2.0774830E-14
 8667.25195325602 3.4864560E-14
 8675.93873293486 1.3544630E-14
 8684.62350558114 1.1968080E-14
 8693.30627119483 1.0711490E-14
 8701.98702977595 1.0749710E-14
 8710.66578132449 1.0610470E-14
 8719.34252584046 9.9491230E-15
 8728.01726332385 1.2292720E-14
 8736.68999377467 1.2738560E-14
 8745.36071719291 2.6450160E-14
 8754.02943357858 4.0124470E-14
 8762.69614293167 1.2507310E-14
 8771.36084525218 1.1375580E-14
 8780.02354054012 1.1266970E-14
 8788.68422879548 1.0251300E-14
 8797.34291001827 1.0338620E-14
 8805.99958420848 1.0783610E-14
 8814.65425136611 9.7127380E-15
 8823.30691149117 1.0113750E-14
 8831.95756458365 1.0165390E-14
 8840.60621064356 1.1662130E-14
  8849.2528496709 1.3364150E-14
 8857.89748166565 3.2989640E-14
 8866.54010662783 4.8422930E-14
 8875.18072455743 1.2389760E-14
 8883.81933545446 1.1766880E-14
 8892.45593931891 1.2063960E-14
 8901.09053615079 1.0078850E-14
 8909.72312595009 9.7990760E-15
 8918.35370871682 1.0068430E-14
 8926.98228445097 1.0181920E-14
 8935.60885315254 9.6882770E-15
 8944.23341482154 1.0043400E-14
 8952.85596945796 9.3801000E-15
  8961.4765170618 8.1788680E-15
 8970.09505763307 8.7071180E-15
 8978.71159117177 8.9866880E-15
 8987.32611767789 9.7835410E-15
 8995.93863715143 1.1541380E-14
  9004.5491495924 1.3479520E-14
 9013.15765500079 6.4052420E-14
  9021.7641533766 3.1685510E-14
 9030.36864471984 1.0827130E-14
 9038.97112903051 1.1865840E-14
 9047.57160630859 1.1792580E-14
 9056.17007655411 1.8597180E-14
 9064.76653976704 4.7305180E-13
  9073.3609959474 5.5189570E-13
 9081.95344509519 1.5318200E-14
  9090.5438872104 1.0965690E-14
 9099.13232229303 1.0476750E-14
 9107.71875034309 1.0074600E-14
 9116.30317136057 1.0447400E-14
 9124.88558534547 9.6865170E-15
  9133.4659922978 9.4190730E-15
 9142.04439221756 9.5019000E-15
 9150.62078510474 9.9208120E-15
 9159.19517095934 8.9678270E-15
 9167.76754978137 9.9046770E-15
 9176.33792157082 9.7017600E-15
 9184.90628632769 9.4629510E-15
 9193.47264405199 9.9218250E-15
 9202.03699474372 1.0781290E-14
 9210.59933840286 1.4627150E-14
 9219.15967502943 1.9713020E-14
 9227.71800462343 9.9852060E-14
 9236.27432718485 3.7368030E-14
  9244.8286427137 1.3797210E-14
 9253.38095120996 1.2566990E-14
 9261.93125267366 1.2314290E-14
 9270.47954710477 1.2437290E-14
 9279.02583450332 1.2670780E-14
 9287.57011486928 1.2735670E-14
 9296.11238820267 1.2062100E-14
 9304.65265450349 1.1412810E-14
 9313.19091377172 1.0350050E-14
 9321.72716600739 1.0178200E-14
 9330.26141121047 9.6441050E-15
 9338.79364938098 9.8522870E-15
 9347.32388051892 9.9955760E-15
 9355.85210462428 9.4670070E-15
 9364.37832169706 9.0346800E-15
 9372.90253173727 8.7049470E-15
  9381.4247347449 9.3890450E-15
 9389.94493071995 9.7276310E-15
 9398.46311966243 5.2713660E-15
 9406.97930157234 2.3598230E-15
 9415.49347644967 7.8263790E-15
 9424.00564429442 9.0720050E-15
  9432.5158051066 9.3875480E-15
  9441.0239588862 9.8996110E-15
 9449.53010563322 9.6098250E-15
 9458.03424534767 1.2682710E-14
 9466.53637802955 1.4302200E-14
 9475.03650367885 9.0776110E-15
 9483.53462229557 1.0073310E-14
 9492.03073387971 9.4086050E-15
 9500.52483843128 1.1271280E-14
 9509.01693595028 1.3644070E-14
  9517.5070264367 2.6854230E-14
 9525.99510989054 1.1087630E-12
 9534.48118631181 1.6467690E-12
  9542.9652557005 1.2573420E-13
 9551.44731805661 6.3879650E-14
 9559.92737338015 1.2896640E-14
 9568.40542167112 1.0980490E-14
 9576.88146292951 1.0342320E-14
 9585.35549715532 9.1080990E-15
 9593.82752434856 8.8459860E-15
  9594.2051344424 1.2767490E-14
 9602.29754450922 1.0088290E-14
 9604.28200404099 1.1152250E-14
  9610.7655576373 9.6425970E-15
 9614.35849153596 1.0559490E-14
 9619.23156373281 9.5741750E-15
 9624.43459692732 1.0939360E-14
 9627.69556279575 9.8760560E-15
 9634.51032021507 1.0066050E-14
  9636.1575548261 9.4030650E-15
  9644.5856613992 1.0028110E-14
 9644.61753982389 9.3702700E-15
 9653.07551778909 9.4984380E-15
 9654.66062047972 1.0639070E-14
 9661.53148872172 8.9852920E-15
 9664.73519745663 9.4967550E-15
 9669.98545262178 8.8497760E-15
 9674.80939232991 1.0555230E-14
 9678.43740948925 8.6638110E-15
 9684.88320509959 9.7862930E-15
 9686.88735932416 9.1750030E-15
 9694.95663576565 8.3481570E-15
 9695.33530212648 9.3150390E-15
 9703.78123789623 1.0801040E-14
  9705.0296843281 7.7437730E-15
 9712.22516663341 9.0127850E-15
 9715.10235078693 1.0659250E-14
 9720.66708833801 9.7813810E-15
 9725.17463514215 1.0130190E-14
 9729.10700301003 9.7865940E-15
 9735.24653739375 1.0011660E-14
 9737.54491064948 8.7232610E-15
 9745.31805754174 1.0419460E-14
 9745.98081125635 9.3269210E-15
 9754.41470483065 8.9742120E-15
 9755.38919558612 9.8464160E-15
 9762.84659137237 9.4842190E-15
 9765.45995152688 1.0668520E-14
 9771.27647088152 9.2295310E-15
 9775.53032536402 1.0194880E-14
 9779.70434335808 9.0064890E-15
 9785.60031709755 1.0121030E-14
 9788.13020880208 9.1619620E-15
 9795.66992672747 9.7751460E-15
  9796.5540672135 8.9760290E-15
 9804.97591859234 1.0321420E-14
 9805.73915425377 1.0066210E-14
  9813.3957629386 9.7028190E-15
 9815.80799967647 1.0144020E-14
 9821.81360025229 1.0167920E-14
 9825.87646299554 1.0311510E-14
 9830.22943053341 9.8369190E-15
   9835.944544211 1.0218310E-14
 9838.64325378194 9.1786660E-15
 9846.01224332284 1.0891970E-14
 9847.05506999791 1.0368560E-14
 9855.46487918129 1.0832630E-14
 9856.07956033108 1.0321380E-14
 9863.87268133211 1.0104630E-14
  9866.1464952357 9.6567960E-15
 9872.27847645034 9.8443410E-15
  9876.2130480367 1.0013400E-14
   9880.682264536 8.6658560E-15
 9886.27921873409 1.0093660E-14
 9889.08404558909 9.0819690E-15
 9896.34500732786 1.0999770E-14
 9897.48381960959 1.0895690E-14
 9905.88158659753 1.1761700E-14
 9906.41041381802 1.0858220E-14
 9914.27734655288 9.2747240E-15
 9916.47543820457 9.3866780E-15
 9922.67109947566 9.5143320E-15
  9926.5400804875 1.0245610E-14
 9931.06284536587 9.2906640E-15
 9936.60434066682 1.0581330E-14
 9939.45258422349 1.0164190E-14
 9946.66821874252 1.0239160E-14
 9947.84031604855 9.5892950E-15
 9956.22604084102 1.0276500E-14
 9956.73171471461 1.0293350E-14
 9964.60975860093 1.0039350E-14
 9966.79482858309 1.0560970E-14
 9972.99146932825 1.0265280E-14
 9976.85756034795 1.0206430E-14
   9981.371173023 9.8234710E-15
  9986.9199100092 1.1250860E-14
 9989.74886968518 1.1294630E-14
 9996.98187756683 1.0979450E-14
 9998.12455931477 9.7132230E-15
 10006.4982419118 1.0795450E-14
 10007.0434630208 1.1063650E-14
 10014.8699174762 1.1550140E-14
 10017.1046663712 1.5290570E-14
 10023.2395860081 1.7989480E-14
  10027.165487618 2.1134230E-14
 10031.6072475074 2.1213420E-14
 10037.2259267612 7.9197920E-14
 10039.9729019741 4.6765870E-14
 10047.2859838008 2.2002920E-13
 10048.3365494083 2.7400120E-13
 10056.6981898098 4.5594010E-14
 10057.3456587367 1.7295070E-14
 10065.0578231788 1.2535290E-14
 10067.4049515691 1.2369510E-14
 10073.4154495152 1.1986320E-14
 10077.4638622978 1.1353200E-14
 10081.7710688191 1.1144250E-14
 10087.5223909229 1.1238570E-14
 10090.1246810904 1.0132600E-14
 10097.5805374444 1.1503640E-14
  10098.476286329 1.0486750E-14
 10106.8258845351 1.1066810E-14
 10107.6383018622 1.1706730E-14
 10115.1734757087 1.1897900E-14
 10117.6956841765 1.3498390E-14
 10123.5190598496 1.3828360E-14
 10127.7526843871 1.2120890E-14
  10131.862636958 1.1574180E-14
 10137.8093024942 1.0619530E-14
 10140.2042070338 1.1120240E-14
 10147.8655384976 9.9690650E-15
 10148.5437700771 9.5581610E-15
 10156.8813260877 9.1044980E-15
 10157.9213923974 9.7231540E-15
 10165.2168750658 9.9494030E-15
 10167.9768641936 9.9758660E-15
 10173.5504170113 1.0301280E-14
 10178.0319538862 9.9039890E-15
 10181.8819519243 9.8664830E-15
 10188.0866614751 9.9261040E-15
 10190.2114798046 9.4966350E-15
 10198.1409869605 9.7524790E-15
 10198.5390006524 9.4144600E-15
 10206.8645144676 1.0312480E-14
 10208.1949303422 9.8937250E-15
 10215.1880212502 9.9739540E-15
 10218.2484916203 1.0184010E-14
 10223.5095210003 8.6962670E-15
 10228.3016707948 1.0503100E-14
 10231.8290137177 8.3823570E-15
 10238.3544678657 1.0182580E-14
 10240.1464994027 1.1345620E-14
  10248.406882833 9.5786090E-15
  10248.461978055 1.0803530E-14
 10256.7754496747 9.9881870E-15
 10258.4589156966 9.7737340E-15
 10265.0869142619 9.3091280E-15
 10268.5105664567 1.0271540E-14
 10273.3963718165 1.0393560E-14
 10278.5618351131 1.6499850E-14
 10281.7038223385 1.6327420E-14
 10288.6127216659 1.2067710E-14
  10290.009265828 1.4559360E-14
 10298.3127022848 9.0957710E-15
 10298.6632261151 1.1584490E-14
 10306.6141317091 1.4191050E-14
 10308.7133484607 1.9098590E-14
 10314.9135541008 1.9569470E-14
 10318.7630887027 1.7378530E-14
   10323.21096946 1.7366370E-14
 10328.8124468411 1.7051700E-14
 10331.5063777865 1.6251020E-14
 10338.8614228758 1.2708440E-14
 10339.7997790805 1.3201640E-14
  10348.091173342 9.8854780E-15
 10348.9100168069 1.0585400E-14
 10356.3805605708 9.1159510E-15
 10358.9582286345 1.1761350E-14
 10364.6679407671 1.2829090E-14
 10369.0060583584 1.2216330E-14
 10372.9533139307 1.1361930E-14
 10379.0535059787 9.9877030E-15
 10381.2366800618 1.0380800E-14
 10389.1005714953 1.2740100E-14
 10389.5180391604 1.1378220E-14
 10397.7973912263 1.2966920E-14
 10399.1472549084 1.3268310E-14
 10409.1935562178 1.0891790E-14
 10419.2394754237 1.0345560E-14
 10429.2850125259 1.0226520E-14
 10439.3301675245 9.6988850E-15
 10449.3749404195 1.0414830E-14
 10459.4193312109 1.0004630E-14
 10469.4633398986 1.0086500E-14
 10479.5069664828 1.0171850E-14
 10489.5502109633 1.0036650E-14
 10499.5930733402 1.0926550E-14
 10509.6355536135 1.0947230E-14
 10519.6776517832 1.0407660E-14
 10529.7193678493 1.0845280E-14
 10539.7607018117 1.0417420E-14
 10549.8016536706 1.0693580E-14
 10559.8422234258 1.0162850E-14
 10569.8824110774 1.0342630E-14
 10579.9222166254 1.0228400E-14
 10589.9616400698 1.0386840E-14
 10600.0006814106 1.0807560E-14
 10610.0393406478 1.1019200E-14
 10620.0776177813 1.0114960E-14
 10630.1155128112 1.0557240E-14
 10640.1530257376 1.0327770E-14
 10650.1901565603 1.0811220E-14
 10660.2269052793 1.1189600E-14
 10670.2632718948 1.1127170E-14
 10680.2992564067 1.0831610E-14
 10690.3348588149 1.0637720E-14
 10700.3700791196 1.0154750E-14
 10710.4049173206 1.0824600E-14
  10720.439373418 1.0387470E-14
 10730.4734474118 1.0301600E-14
  10740.507139302 1.0599500E-14
 10750.5404490885 1.1206130E-14
 10760.5733767715 1.1607760E-14
 10770.6059223508 1.3783740E-14
 10780.6380858265 1.5139210E-14
 10790.6698671986 7.3952940E-15
 10800.7012664671 1.0444590E-14
  10810.732283632 1.3387120E-13
 10820.7629186932 6.1754720E-13
 10830.7931716509 5.6990900E-13
 10840.8230425049 1.0559620E-13
 10850.8525312553 2.0809450E-14
 10860.8816379021 1.6685710E-14
 10870.9103624453 1.5309920E-14
 10880.9387048849 1.3665310E-14
 10890.9666652209 1.2203930E-14
 10900.9942434532 1.5687010E-14
 10911.0214395819 2.9064540E-14
 10921.0482536071 2.2460900E-14
 10931.0746855286 3.4158800E-13
 10941.1007353464 2.0570650E-13
 10951.1264030607 1.4336150E-14
 10961.1516886714 1.1664650E-14
 10971.1765921784 1.0616370E-14
 10981.2011135819 1.0255820E-14
 10991.2252528817 1.1906220E-14
 11001.2490100779 1.0384390E-14
 11011.2723851705 1.1155790E-14
 11021.2953781594 1.0167650E-14
 11031.3179890448 1.0009900E-14
 11041.3402178265 1.1566830E-14
 11051.3620645047 1.0123940E-14
 11061.3835290792 9.7877400E-15
 11071.4046115501 9.6461370E-15
 11081.4253119174 9.3432380E-15
 11091.4456301811 9.6943890E-15
 11101.4655663411 1.0131010E-14
 11111.4851203976 1.0454160E-14
 11121.5042923504 1.0361480E-14
 11131.5230821996 9.8884290E-15
 11141.5414899452 1.0406940E-14
 11151.5595155872 9.5118870E-15
 11161.5771591256 9.7276190E-15
 11171.5944205603 9.4064980E-15
 11181.6112998915 9.3892180E-15
  11191.627797119 1.0249490E-14
 11201.6439122429 9.7620390E-15
 11211.6596452632 1.0877380E-14
 11221.6749961799 1.1528650E-14
  11231.689964993 9.9490750E-15
 11241.7045517025 9.9183750E-15
 11251.7187563083 9.5340920E-15
 11261.7325788105 9.1451330E-15
 11271.7460192092 1.0088550E-14
 11281.7590775042 1.2763220E-14
 11291.7717536956 1.4425840E-14
 11301.7840477833 9.9783170E-15
 11311.7959597675 1.0515790E-14
  11321.807489648 9.8003270E-15
  11331.818637425 1.0174770E-14
 11341.8294030983 9.8189760E-15
  11351.839786668 9.3309990E-15
 11361.8497881341 9.4116880E-15
 11371.8594074966 9.7649960E-15
 11381.8686447554 9.8153590E-15
 11391.8774999107 9.6626870E-15
 11401.8859729623 8.4264010E-15
 11411.8940639103 6.4719640E-15
 11421.9017727547 6.5834760E-15
 11431.9090994955 7.6808770E-15
 11441.9160441327 1.0387750E-14
 11451.9226066662 1.0122350E-14
 11461.9287870962 9.4226500E-15
 11471.9345854225 9.9851290E-15
 11481.9400016452 9.7237660E-15
 11491.9450357643 9.7615410E-15
 11501.9496877798 9.3673840E-15
 11504.4752757278 1.0899970E-14
 11511.9539576917 9.6353920E-15
 11516.9986487537 1.0249600E-14
    11521.9578455 9.4363960E-15
 11529.5157450432 9.8851060E-15
 11531.9613512046 9.1212030E-15
 11541.9644748056 9.5804050E-15
 11542.0265645963 1.0316760E-14
 11551.9672163031 9.2354140E-15
 11554.5311074129 1.0849100E-14
 11561.9695756969 9.5565070E-15
 11567.0293734931 1.0331170E-14
 11571.9715529871 9.6147730E-15
  11579.521362837 1.0804980E-14
 11581.9731481736 1.0041580E-14
 11591.9743612566 1.0599780E-14
 11592.0070754444 1.0432520E-14
 11601.9751922359 1.0180770E-14
 11604.4865113153 1.0562620E-14
 11611.9756411117 1.0064770E-14
 11616.9596704499 1.1838890E-14
 11621.9757078838 1.0840400E-14
 11629.4265528481 1.0573640E-14
 11631.9753925523 1.1078810E-14
 11641.8871585098 1.0383960E-14
 11641.9746951172 1.0566860E-14
 11651.9736155784 9.9669600E-15
 11654.3414874351 1.0512050E-14
 11661.9721539361 1.0255430E-14
  11666.789539624 1.1424500E-14
 11671.9703101902 1.0745050E-14
 11679.2313150765 9.9485820E-15
 11681.9680843406 1.0862330E-14
 11691.6668137926 1.0199210E-14
 11691.9654763874 1.0165940E-14
 11701.9624863306 1.0018170E-14
 11704.0960357722 9.8323820E-15
 11711.9591141702 9.8142810E-15
 11716.5189810154 1.0001530E-14
 11721.9553599062 9.4161240E-15
 11728.9356495222 9.9013880E-15
 11731.9512235385 9.0520580E-15
 11741.3460412926 1.0705260E-14
 11741.9467050673 9.5797910E-15
 11751.9418044924 1.0080020E-14
 11753.7501563266 1.0381980E-14
 11761.9365218139 9.9671400E-15
 11766.1479946242 9.4075060E-15
 11771.9308570318 9.8845860E-15
 11778.5395561853 1.0344220E-14
 11781.9248101461 1.0303000E-14
 11790.9248410101 9.8754570E-15
 11791.9183811568 9.8665010E-15
 11801.9115700639 9.3214110E-15
 11803.3038490984 9.4655610E-15
 11811.9043768673 9.3508000E-15
 11815.6765804503 9.8397220E-15
 11821.8968015671 8.7782410E-15
 11828.0430350657 9.8615880E-15
 11831.8888441633 9.9611120E-15
 11840.4032129448 9.8220830E-15
  11841.880504656 9.5901600E-15
 11851.8717830449 9.3534450E-15
 11852.7571140874 1.0037160E-14
 11861.8626793303 9.4900880E-15
 11865.1047384937 1.0099530E-14
 11871.8531935121 1.0436360E-14
 11877.4460861635 1.1827700E-14
 11881.8433255902 9.7857330E-15
 11889.7811570969 1.0504210E-14
 11891.8330755648 1.1069590E-14
 11901.8224434357 1.1130520E-14
 11902.1099512938 1.0806190E-14
  11911.811429203 1.0266870E-14
 11914.4324687544 9.9735840E-15
 11921.8000328667 1.0746500E-14
 11926.7487094785 1.0331270E-14
 11931.7882544267 9.6961300E-15
 11939.0586734662 1.0170560E-14
 11941.7760938832 9.5015150E-15
 11951.3623607176 1.0360880E-14
  11951.763551236 1.0119610E-14
 11961.7506264853 9.9632550E-15
 11963.6597712324 1.7512420E-14
 11971.7373196309 1.0418930E-14
 11975.9509050109 1.2578380E-14
 11981.7236306729 1.7858040E-14
  11988.235762053 9.7215760E-15
 11991.7095596113 1.3526290E-14
 12000.5143423586 9.9692410E-15
 12001.6951064461 9.3438670E-15
 12011.6802711772 8.9826060E-15
 12012.7866459278 1.0240120E-14
 12021.6650538048 9.5178050E-15
 12025.0526727606 9.8894860E-15
 12031.6494543287 9.6689810E-15
  12037.312422857 1.0212510E-14
  12041.633472749 9.4418410E-15
  12049.565896217 9.7887840E-15
 12051.6171090657 9.4881060E-15
 12061.6003632788 9.5512190E-15
 12061.8130928405 9.5950550E-15
 12071.5832353883 7.3634330E-15
 12074.0540127277 9.4779900E-15
 12081.5657253941 9.1991380E-15
 12086.2886558784 9.3542020E-15
 12091.5478332964 9.8589090E-15
 12098.5170222927 9.9853630E-15
  12101.529559095 9.6595070E-15
 12110.7391119706 9.9344860E-15
   12111.51090279 9.5468110E-15
 12121.4918643814 9.5177010E-15
  12122.954924912 1.0145440E-14
 12131.4724438692 1.0176660E-14
 12135.1644611171 1.0233290E-14
 12141.4526412534 9.6908370E-15
 12147.3677205857 9.7403670E-15
  12151.432456534 9.4591230E-15
 12159.5647033179 1.0050360E-14
 12171.7554093137 1.0193720E-14
 12183.9398385731 1.0088040E-14
  12196.117991096 1.0008170E-14
 12208.2898668826 9.7371590E-15
 12220.4554659327 1.0186520E-14
 12232.6147882464 9.9493580E-15
 12244.7678338237 9.5735480E-15
 12256.9146026646 1.0544110E-14
 12269.0550947691 9.9393620E-15
 12281.1893101371 9.9160020E-15
 12293.3172487687 1.0465040E-14
 12305.4389106639 9.9379400E-15
 12317.5542958227 9.6626860E-15
 12329.6634042451 9.7418340E-15
 12341.7662359311 9.5799270E-15
 12353.8627908806 1.0008730E-14
 12365.9530690937 9.7436430E-15
 12378.0370705704 9.9813660E-15
 12390.1147953107 1.0195410E-14
 12402.1862433146 9.8739950E-15
  12414.251414582 9.7229550E-15
 12426.3103091131 9.8344290E-15
 12438.3629269077 1.0033330E-14
 12450.4092679659 9.6393570E-15
 12462.4493322877 9.9239110E-15
 12474.4831198731 1.0178880E-14
  12486.510630722 9.9170430E-15
 12498.5318648345 9.9195190E-15
 12510.5468222107 1.0504260E-14
 12522.5555028504 2.5381870E-14
 12534.5579067536 1.9045810E-14
 12546.5540339205 1.0161570E-14
  12558.543884351 1.3663000E-14
  12570.527458045 1.5651650E-14
 12582.5047550026 1.0416470E-14
 12594.4757752238 9.9431000E-15
 12606.4405187086 9.5964570E-15
 12618.3989854569 9.8381780E-15
 12630.3511754689 9.8160620E-15
 12642.2970887444 9.8985250E-15
 12654.2367252835 1.0081340E-14
 12666.1700850862 9.6148940E-15
 12678.0971681525 1.0129770E-14
 12690.0179744824 1.0047280E-14
 12701.9325040758 1.0583120E-14
 12713.8407569328 9.9406920E-15
 12725.7427330534 1.0514450E-14
 12737.6384324376 1.0657940E-14
 12749.5278550854 1.0789860E-14
 12761.4110009968 1.0847720E-14
 12773.2878701717 1.9501400E-14
 12785.1584626102 4.8481700E-14
 12797.0227783123 2.6022010E-14
  12808.880817278 4.1504830E-13
 12820.7325795073 5.2739740E-13
 12832.5780650002 2.4457440E-14
 12844.4172737566 1.3929640E-14
 12856.2502057766 1.1500470E-14
 12868.0768610602 1.0751110E-14
 12879.8972396074 1.0347460E-14
 12891.7113414182 1.0282150E-14
 12903.5191664925 1.0188660E-14
 12915.3207148305 9.9469200E-15
  12927.115986432 1.0292450E-14
 12938.9049812971 1.1842660E-14
 12950.6876994258 1.0666480E-14
  12962.464140818 1.3232410E-14
 12974.2343054739 1.4991170E-14
 12985.9981933933 1.3259010E-14
 12997.7558045763 9.9467710E-15
 13009.5071390229 9.7226540E-15
 13021.2521967331 9.6977790E-15
 13032.9909777069 1.0123430E-14
 13044.7234819442 1.0172550E-14
 13056.4497094451 1.0074900E-14
 13068.1696602097 1.0556080E-14
 13079.8833342378 1.0044750E-14
 13091.5907315294 9.8900540E-15
 13103.2918520847 9.9931680E-15
 13114.9866959035 1.0182120E-14
  13126.675262986 9.9749250E-15
  13138.357553332 9.8928020E-15
 13150.0335669416 9.4138810E-15
 13161.7033038147 1.0655000E-14
 13173.3667639515 9.2579360E-15
 13185.0239473518 9.8011280E-15
 13196.6748540158 1.2223730E-14
 13208.3194839433 1.0057290E-14
 13219.9578371344 9.5022310E-15
  13231.589913589 9.4588100E-15
 13243.2157133073 9.2565430E-15
 13254.8352362891 9.3141230E-15
 13266.4484825346 1.0040570E-14
 13278.0554520436 9.7140960E-15
 13289.6561448161 9.5964940E-15
 13301.2505608523 1.0146910E-14
 13312.8387001521 9.7585600E-15
 13324.4205627154 1.0415250E-14
 13335.9961485423 9.8621280E-15
 13347.5654576328 9.5563040E-15
 13359.1284899869 1.0170950E-14
 13370.6852456046 9.9643620E-15
 13382.2357244858 9.8734330E-15
 13393.7799266307 1.0317820E-14
 13405.3178520391 1.0408550E-14
 13416.8495007111 1.0936510E-14
 13428.3748726467 1.0127990E-14
 13439.8939678458 9.3442730E-15
 13451.4067863086 9.6289320E-15
 13462.9133280349 9.8125610E-15
 13474.4135930248 1.0074730E-14
 13485.9075812783 9.3697940E-15
 13497.3952927954 8.7497960E-15
 13508.8767275761 9.5847760E-15
 13520.3518856203 9.4112050E-15
 13531.8207669281 8.7097430E-15
 13543.2833714995 9.2907550E-15
 13554.7396993345 9.1122180E-15
 13566.1897504331 9.2794980E-15
 13577.6335247953 8.8139000E-15
  13589.071022421 1.1253360E-14
 13600.5022433103 7.6418970E-15
 13611.9271874632 9.4714150E-15
 13623.3458548797 8.9005300E-15
 13634.7582455598 8.5503510E-15
 13646.1643595035 9.1692140E-15
 13657.5641967107 8.5672310E-15
 13668.9577571815 8.6686630E-15
 13680.3450409159 1.1767280E-14
 13691.7260479139 9.6759640E-15
 13703.1007781755 9.6442820E-15
 13714.4692317006 9.5996400E-15
 13725.8314084894 8.6789720E-15
 13737.1873085417 9.1582730E-15
 13748.5369318576 8.7489250E-15
 13759.8802784371 9.0255050E-15
 13771.2173482802 9.3746700E-15
 13782.5481413868 8.5819510E-15
  13793.872657757 8.9514060E-15
 13805.1908973909 6.9739400E-15
 13816.5028602883 8.7603660E-15
 13827.8085464492 7.3550570E-15
 13839.1079558738 8.9591110E-15
  13850.401088562 8.9831770E-15
 13861.6879445137 9.4848920E-15
  13872.968523729 9.2746680E-15
 13884.2428262079 1.2861270E-15
 13895.5108519504 6.1466380E-15
 13906.7726009564 6.4635980E-15
 13918.0280732261 8.3870240E-15
 13929.2772687593 9.0233010E-15
 13940.5201875561 9.0020820E-15
 13951.7568296165 1.3177400E-14
 13962.9871949405 1.0785600E-14
 13974.2112835281 8.8465100E-15
 13985.4290953792 8.6554240E-15
 13996.6406304939 9.4278580E-15
 14007.8458888722 9.0165740E-15
 14019.0448705141 9.1783360E-15
 14030.2375754196 8.8736000E-15
 14041.4240035887 9.7820200E-15
 14052.6041550213 9.0764040E-15
 14063.7780297175 9.4638810E-15
 14074.9456276773 9.4333860E-15
 14086.1069489007 9.0567570E-15
 14097.2619933877 9.1536170E-15
 14108.4107611382 8.3916050E-15
 14119.5532521524 9.2943990E-15
 14130.6894664301 1.0340320E-14
 14141.8194039714 9.8692250E-15
 14152.9430647763 8.7583610E-15
 14164.0604488448 9.1449620E-15
 14175.1715561768 9.3250150E-15
 14186.2763867724 9.2905090E-15
 14197.3749406317 9.4390820E-15
 14208.4672177545 9.4972270E-15
 14219.5532181409 9.2005970E-15
 14230.6329417908 9.1207470E-15
 14241.7063887044 8.5835930E-15
 14252.7735588815 1.0051240E-14
 14263.8344523222 9.7449120E-15
 14274.8890690265 8.8085290E-15
 14285.9374089944 1.1976590E-14
 14296.9794722259 9.8119350E-15
 14308.0152587209 9.2617240E-15
 14319.0447684795 9.1569500E-15
 14330.0680015017 8.9955820E-15
 14341.0849577875 9.5665090E-15
 14352.0956373369 1.0456510E-14
 14363.1000401499 9.3949200E-15
 14374.0981662264 9.3140820E-15
 14385.0900155666 9.3229190E-15
 14386.7919686968 9.7820370E-15
 14396.0755881703 9.6533770E-15
 14402.0911833968 9.5512550E-15
 14407.0548840376 9.2338720E-15
 14417.3871551451 9.4448400E-15
 14418.0279031684 9.7723490E-15
 14428.9946455629 9.9551840E-15
 14432.6798839419 9.8514360E-15
 14439.9551112209 9.7016710E-15
  14447.969369787 9.2986420E-15
 14450.9093001425 1.1373570E-14
 14461.8572123278 9.3073300E-15
 14463.2556126806 9.3612930E-15
 14472.7988477766 9.5415310E-15
 14478.5386126226 9.4762670E-15
 14483.7342064889 9.6850070E-15
 14493.8183696129 9.6981930E-15
 14494.6632884649 6.3288650E-15
 14509.0948836516 9.5047260E-15
 14524.3681547388 9.7419350E-15
 14539.6381828743 9.2471770E-15
 14554.9049680583 9.0553390E-15
 14570.1685102906 8.9452310E-15
 14585.4288095713 9.5026470E-15
 14600.6858659005 9.7480460E-15
  14615.939679278 9.5914380E-15
 14631.1902497039 9.5747550E-15
 14646.4375771782 9.4119300E-15
 14661.6816617009 9.1681060E-15
 14676.9225032721 8.9119720E-15
 14692.1601018916 8.5992080E-15
 14707.3944575595 9.1995820E-15
 14722.6255702758 9.1277530E-15
 14737.8534400405 9.3006340E-15
 14753.0780668536 9.6359060E-15
 14768.2994507151 9.2925020E-15
 14783.5175916249 9.0074640E-15
 14798.7324895832 8.6273230E-15
 14813.9441445899 8.4370650E-15
  14829.152556645 8.4437120E-15
 14844.3577257485 8.4967950E-15
 14859.5596519003 8.6711930E-15
 14874.7583351006 9.3781780E-15
 14889.9537753493 8.3198350E-15
 14905.1459726463 9.1804120E-15
 14920.3349269918 8.2193200E-15
 14935.5206383857 8.8360830E-15
 14950.7031068279 8.6352760E-15
 14965.8823323186 9.1068370E-15
 14981.0583148576 7.7022590E-15
 14996.2310544451 9.6077560E-15
 15011.4005510809 7.0768000E-15
 15026.5668047651 9.7724500E-15
 15041.7298154978 7.9874290E-15
 15056.8895832788 7.4922020E-15
 15072.0461081083 1.2480980E-14
 15087.1993899861 8.3969420E-15
 15102.3494289123 6.9144230E-15
 15117.4962248869 9.9177660E-15
 15132.6397779099 9.4185590E-15
 15147.7800879814 6.7393090E-15
 15162.9171551012 7.0470310E-15
 15178.0509792694 1.0378510E-14
  15193.181560486 8.6988630E-15
  15208.308898751 6.6291440E-15
 15223.4329940644 6.5461830E-15
 15238.5538464262 8.6925620E-15
 15253.6714558364 1.3758760E-14
  15268.785822295 6.7825120E-15
 15283.8969458019 6.3356620E-15
 15299.0048263573 6.6413650E-15
 15314.1094639611 7.3786900E-15
 15329.2108586133 1.4333920E-14
 15344.3090103139 9.2370980E-15
 15359.4039190628 6.4880810E-15
 15374.4955848602 6.3686340E-15
  15389.584007706 6.5460390E-15
 15404.6691876001 7.0410930E-15
 15419.7511245427 9.9786220E-15
 15434.8298185336 1.3987680E-14
  15449.905269573 7.0216950E-15
 15464.9774776607 6.4850270E-15
 15480.0464427969 6.5611670E-15
 15495.1121649814 6.4920070E-15
 15510.1746442144 6.7941330E-15
 15525.2338804957 7.0343420E-15
 15540.2898738254 1.2495060E-14
 15555.3426242036 1.2763690E-14
 15570.3921316301 6.6372210E-15
  15585.438396105 6.3002960E-15
 15600.4814176283 6.3898940E-15
 15615.5211962001 6.1771570E-15
 15630.5577318202 6.1216140E-15
 15645.5910244887 6.5182240E-15
 15660.6210742056 7.0113880E-15
 15675.6478809709 8.3336630E-15
 15690.6714447846 1.7612550E-14
 15705.6917656467 9.7466640E-15
 15720.7088435572 6.6140630E-15
 15735.7226785161 6.3387980E-15
 15750.7332705234 6.2582500E-15
 15765.7406195791 6.4169100E-15
 15780.7447256831 6.5638330E-15
 15795.7455888356 6.4631380E-15
 15810.7432090365 6.1146620E-15
 15825.7375862858 6.4416150E-15
 15840.7287205834 6.9225580E-15
 15855.7166119295 8.7259240E-15
  15870.701260324 1.9841860E-14
 15885.6826657668 1.0075780E-14
 15900.6608282581 6.5579980E-15
 15915.6357477978 6.4025650E-15
 15930.6074243858 6.3854000E-15
 15945.5758580223 6.5898490E-15
 15960.5410487071 6.3157720E-15
 15975.5029964403 6.7016610E-15
  15990.461701222 7.1128620E-15
  16005.417163052 6.2324770E-15
 16020.3693819305 6.4847270E-15
 16035.3183578573 6.1163600E-15
 16050.2640908325 6.1641900E-15
 16065.2065808561 6.6282530E-15
 16080.1458279282 7.3957120E-15
 16095.0818320486 1.8858780E-14
 16110.0145932174 1.5109520E-14
 16124.9441114346 6.8442620E-15
 16139.8703867002 6.4244430E-15
 16154.7934190142 6.1205200E-15
 16169.7132083766 5.9660950E-15
 16184.6297547874 6.0702700E-15
 16199.5430582466 6.3586940E-15
 16214.4531187542 5.9965270E-15
 16229.3599363102 5.9698820E-15
 16244.2635109146 6.0561770E-15
 16259.1638425674 5.9723480E-15
 16274.0609312685 5.9121130E-15
 16288.9547770181 5.9251040E-15
 16303.8453798161 5.8937400E-15
 16318.7327396625 5.8481370E-15
 16333.6168565572 6.1026750E-15
 16348.4977305004 6.0975250E-15
  16363.375361492 6.9185580E-15
 16378.2497495319 8.1220630E-15
 16393.1208946203 2.2867570E-14
  16407.988796757 1.9081560E-14
 16422.8534559422 1.2612310E-14
 16437.7148721757 9.0682620E-15
 16452.5730454576 6.2260270E-15
  16467.427975788 6.0512220E-15
 16482.2796631667 6.2036210E-15
 16497.1281075939 6.3819770E-15
 16511.9733090694 6.0873500E-15
 16526.8152675933 6.0924840E-15
 16541.6539831656 6.0787180E-15
 16556.4894557864 5.7893700E-15
 16571.3216854555 5.9016460E-15
  16586.150672173 6.0300200E-15
 16600.9764159389 6.0122770E-15
 16615.7989167532 6.1767150E-15
 16630.6181746159 6.8193290E-15
  16645.434189527 6.2915610E-15
 16660.2469614865 6.2366630E-15
 16675.0564904944 6.1975870E-15
 16689.8627765507 5.9626390E-15
 16704.6658196554 6.2486690E-15
 16719.4656198085 5.7534340E-15
   16734.26217701 5.9953190E-15
 16749.0554912599 6.7643420E-15
 16763.8455625581 8.1859210E-15
 16778.6323909048 8.8684190E-15
 16793.4159762999 2.9891990E-14
 16808.1963187433 2.1473120E-14
 16822.9734182352 6.6746650E-15
 16837.7472747755 6.2534760E-15
 16852.5178883641 5.9662950E-15
 16867.2852590012 6.1168940E-15
 16882.0493866866 5.8402530E-15
 16896.8102714205 5.9595260E-15
 16911.5679132027 5.8580510E-15
 16926.3223120334 5.7246020E-15
 16941.0734679124 5.6387380E-15
 16955.8213808398 5.5298030E-15
 16970.5660508157 6.0544350E-15
 16985.3074778399 1.2641780E-14
 17000.0456619125 1.7926830E-14
 17014.7806030335 6.4953350E-15
  17029.512301203 5.8283140E-15
 17044.2407564208 5.8235930E-15
  17058.965968687 5.7271560E-15
 17073.6879380016 5.7647330E-15
 17088.4066643646 5.9986330E-15
  17103.122147776 5.8889910E-15
 17117.8343882358 6.0837980E-15
  17132.543385744 5.9541820E-15
 17147.2491403006 6.0566410E-15
 17161.9516519056 5.9869890E-15
  17176.650920559 5.9721390E-15
 17191.3469462608 5.8658630E-15
  17206.039729011 5.9483530E-15
 17220.7292688096 5.8453530E-15
 17235.4155656565 5.7684850E-15
 17250.0986195519 5.8295170E-15
 17264.7784304957 5.9467770E-15
 17279.4549984878 6.0694340E-15
 17294.1283235284 6.0751320E-15
 17308.7984056174 6.1867240E-15
 17323.4652447547 7.7532650E-15
 17338.1288409405 1.3095180E-14
 17352.7891941746 4.7445730E-14
 17367.4463044572 1.6933520E-14
 17382.1001717881 6.7752430E-15
 17396.7507961675 6.3646950E-15
 17411.3981775952 6.3661120E-15
 17426.0423160713 5.9354120E-15
 17440.6832115959 7.6023920E-15
 17455.3208641688 6.5865150E-15
 17469.9552737901 5.9355550E-15
 17484.5864404599 5.7843620E-15
  17499.214364178 5.8117390E-15
 17513.8390449445 5.5585670E-15
 17528.4604827594 5.7519210E-15
 17543.0786776227 5.6162490E-15
 17557.6936295344 5.9936340E-15
 17572.3053384945 5.5415860E-15
  17586.913804503 5.6249340E-15
 17601.5190275599 5.6212240E-15
 17616.1210076652 5.7871190E-15
 17630.7197448189 5.4582820E-15
  17645.315239021 5.5837530E-15
 17659.9074902715 5.4916780E-15
 17674.4964985704 5.5075370E-15
 17689.0822639177 5.6742020E-15
 17703.6647863133 5.9937490E-15
 17718.2440657574 5.5181060E-15
 17732.8201022499 5.2761380E-15
 17747.3928957908 5.2205380E-15
   17761.96244638 5.2903940E-15
 17776.5287540177 5.6559250E-15
 17791.0918187037 5.6841350E-15
 17805.6516404382 5.6215420E-15
  17820.208219221 5.9308620E-15
 17834.7615550523 6.0014000E-15
 17849.3116479319 5.6825350E-15
   17863.85849786 5.7007880E-15
 17878.4021048364 5.3742850E-15
 17892.9424688613 5.0266970E-15
 17907.4795899345 5.6969830E-15
 17922.0134680561 5.4022540E-15
 17936.5441032261 5.7077740E-15
 17951.0714954446 5.6467510E-15
 17965.5956447114 5.9029790E-15
 17980.1165510266 5.8707380E-15
 17994.6342143902 6.2441250E-15
 18009.1486348022 5.4773390E-15
 18023.6598122626 5.8307470E-15
 18038.1677467714 5.8777940E-15
 18052.6724383286 5.1573810E-15
 18067.1738869342 5.5601170E-15
 18081.6720925882 7.0797770E-15
 18096.1670552906 6.0994020E-15
 18110.6587750414 5.5748040E-15
 18125.1472518406 7.3586760E-15
 18139.6324856882 8.0830530E-15
 18154.1144765842 4.0218960E-14
 18168.5932245285 7.2496210E-14
 18183.0687295213 1.0426230E-14
 19186.9185668038 5.5211280E-15
 19207.3935712208 5.2790480E-15
 19227.8637521436 5.5442880E-15
 19248.3291095723 5.2500350E-15
 19268.7896435069 5.5663880E-15
 19289.2453539474 5.3292940E-15
 19309.6962408937 5.4926340E-15
 19330.1423043459 5.3520700E-15
 19350.5835443039 5.3404110E-15
 19371.0199607678 6.0028880E-15
 19391.4515537376 7.7375580E-15
 19411.8783232132 9.1908540E-15
 19432.3002691947 4.1734490E-14
  19452.717391682 3.5572450E-14
 19473.1296906753 6.2871440E-15
 19493.5371661744 5.4871070E-15
 19513.9398181793 6.2160620E-15
 19534.3376466901 1.3214910E-14
 19554.7306517068 9.5585530E-15
 19575.1188332294 6.5886760E-15
 19595.5021912578 5.4118070E-15
  19615.880725792 5.3750460E-15
 19636.2544368322 5.4342100E-15
 19656.6233243782 5.2336700E-15
 19676.9873884301 5.3747830E-15
 19697.3466289878 5.2678100E-15
 19717.7010460514 5.2077730E-15
 19738.0506396209 5.3121810E-15
 19758.3954096962 5.1543200E-15
 19778.7353562774 5.3962820E-15
 19799.0704793644 5.2877620E-15
 19819.4007789574 5.2746240E-15
 19839.7262550561 5.3767130E-15
 19860.0469076608 5.4611230E-15
 19880.3627367713 5.2893330E-15
 19900.6737423877 5.0959380E-15
 19920.9799245099 5.1533010E-15
  19941.281283138 5.2618510E-15
  19961.577818272 5.1073320E-15
 19981.8695299119 5.2714090E-15
 20002.1564180576 5.1899030E-15
 20022.4384827091 5.2804630E-15
 20042.7157238666 4.9426740E-15
 20062.9881415299 5.1446000E-15
  20083.255735699 5.1036120E-15
  20103.518506374 5.1246540E-15
 20123.7764535549 5.1592480E-15
 20144.0295772417 5.2181260E-15
 20164.2778774343 5.2780880E-15
 20184.5213541328 5.1205030E-15
 20204.7600073372 5.1316840E-15
 20224.9938370474 4.8807160E-15
 20245.2228432635 5.0140920E-15
 20265.4470259854 5.1190290E-15
 20285.6663852132 5.2679390E-15
 20305.8809209469 5.0700420E-15
 20326.0906331864 5.8116250E-15
 20346.2955219318 5.3587150E-15
 20366.4955871831 5.3062350E-15
 20386.6908289402 5.1068420E-15
 20406.8812472032 5.2075360E-15
 20427.0668419721 5.1618370E-15
 20447.2476132468 5.1680970E-15
 20467.4235610274 5.2573850E-15
 20487.5946853138 5.1899730E-15
 20507.7609861062 5.2720450E-15
 20527.9224634043 5.1873730E-15
 20548.0791172084 6.5105770E-15
 20568.2309475183 4.7211520E-14
 20588.3779543341 6.7162440E-14
 20608.5201376557 7.7900280E-15
 20628.6574974832 5.3502800E-15
 20648.7900338166 5.1957020E-15
 20668.9177466558 5.1797760E-15
 20689.0406360009 5.0909710E-15
 20709.1587018519 5.3856860E-15
 20729.2719442087 5.1684260E-15
 20749.3803630714 5.0995510E-15
   20769.48395844 5.0306850E-15
 20789.5827303144 5.1463710E-15
 20809.6766786947 5.1034360E-15
 20829.7658035808 5.1218730E-15
 20849.8501049729 5.0825550E-15
 20869.9295828707 4.9989340E-15
 20890.0042372745 5.1498240E-15
 20910.0740681841 5.1465600E-15
 20930.1390755996 5.1260490E-15
 20950.1992595209 5.0618570E-15
 20970.2546199481 5.0464460E-15
 20990.3051568812 5.0437510E-15
 21010.3508703201 5.1971520E-15
 21030.3917602649 5.2217460E-15
 21050.4278267156 5.0667920E-15
 21070.4590696721 5.0534100E-15
 21090.4854891345 5.1624350E-15
 21110.5070851028 8.2109400E-15
 21130.5238575769 9.7913460E-15
 21150.5358065569 5.5316840E-15
 21170.5429320427 5.1671890E-15
 21190.5452340344 5.3113590E-15
  21210.542712532 7.5358490E-15
 21230.5353675355 5.6558730E-15
 21250.5231990448 4.9833000E-15
   21270.50620706 5.0595220E-15
  21290.484391581 4.9864470E-15
 21310.4577526079 4.9804250E-15
 21330.4262901407 4.9666300E-15
 21350.3900041793 5.0811460E-15
 21370.3488947238 5.2056950E-15
 21390.3029617742 5.1864520E-15
 21410.2522053304 5.0805380E-15
 21430.1966253925 5.1356180E-15
 21450.1362219604 5.7790770E-15
 21470.0709950342 5.1437480E-15
 21490.0009446139 4.9894700E-15
 21509.9260706995 5.1072910E-15
 21529.8463732909 4.9603400E-15
 21549.7618523882 5.1421040E-15
 21569.6725079913 5.0520190E-15
 21589.5783401003 5.8111920E-15
 21609.4793487152 8.5295020E-15
 21629.3755338359 1.1652130E-14
 21649.2668954625 8.3140680E-14
  21669.153433595 6.5165270E-14
 21689.0351482333 6.7594220E-15
 21708.9120393775 5.2816040E-15
 21728.7841070276 5.0473170E-15
 21748.6513511835 4.8990060E-15
 21768.5137718453 5.0248420E-15
  21788.371369013 4.8537400E-15
 21808.2241426865 5.3599150E-15
 21828.0720928659 5.3720420E-15
 21847.9152195511 5.3000880E-15
 21867.7535227422 5.0565480E-15
 21887.5870024392 5.0317920E-15
  21907.415658642 5.0510730E-15
 21927.2394913507 4.7675530E-15
 21947.0585005653 4.7611750E-15
 21966.8726862858 4.9700280E-15
  21986.682048512 5.4300390E-15
 22006.4865872442 5.0566070E-15
 22026.2863024823 5.0936360E-15
 22046.0811942261 4.9274030E-15
 22065.8712624759 4.7332040E-15
 22085.6565072315 4.6671920E-15
  22105.436928493 5.1737520E-15
 22125.2125262604 4.7207860E-15
 22144.9833005336 4.6451210E-15
 22164.7492513127 5.2683830E-15
 22184.5103785976 6.4167850E-15
 22204.2666823884 5.0870580E-15
 22224.0181626851 5.5462390E-15
 22243.7648194876 5.2170250E-15
  22263.506652796 4.7112070E-15
 22283.2436626103 4.8175790E-15
 22302.9758489304 4.5553620E-15
 22322.7032117564 4.5379690E-15
 22342.4257510883 4.8605120E-15
  22362.143466926 4.8922720E-15
 22381.8563592696 4.7707110E-15
 22401.5644281191 4.9910690E-15
 22421.2676734744 5.5227810E-15
 22440.9660953356 4.8190820E-15
 22460.6596937026 4.6707260E-15
 22480.3484685755 4.8014780E-15
 22500.0324199543 4.8896090E-15
  22519.711547839 4.8404530E-15
 22539.3858522295 4.8296250E-15
 22559.0553331259 4.9051310E-15
 22578.7199905281 4.6528940E-15
 22598.3798244362 4.8254460E-15
 22618.0348348502 4.8394220E-15
   22637.68502177 4.6471750E-15
 22657.3303851957 4.6739940E-15
 22676.9709251273 4.8020190E-15
 22696.6066415647 4.8251840E-15
  22716.237534508 4.7647600E-15
 22735.8636039571 4.9294540E-15
 22755.4848499121 4.9768750E-15
  22775.101272373 4.6667390E-15
 22794.7128713398 4.5895540E-15
 22814.3196468124 4.5521300E-15
 22833.9215987909 4.6270860E-15
 22853.5187272752 5.5738440E-15
 22873.1110322654 5.4250210E-15
 22892.6985137615 4.8389930E-15
 22912.2811717634 4.6546850E-15
 22931.8590062712 4.8536000E-15
 22951.4320172849 4.8824270E-15
 22971.0002048044 4.6763850E-15
 22990.5635688298 4.5703420E-15
 23010.1221093611 4.5177740E-15
 23029.6758263982 4.6067140E-15
 23049.2247199412 4.7974710E-15
 23068.7687899901 4.8313340E-15
 23088.3080365448 4.6622460E-15
 23107.8424596054 4.6466640E-15
 23127.3720591718 4.6063620E-15
 23146.8968352441 4.6868560E-15
 23166.4167878223 4.6214240E-15
 23185.9319169063 4.6497440E-15
 23205.4422224962 4.6853030E-15
  23224.947704592 4.6834520E-15
 23244.4483631936 4.6128340E-15
 23263.9441983011 4.6158560E-15
 23283.4352099145 4.3622020E-15
 23302.9213980337 4.3874120E-15
 23322.4027626588 4.7203470E-15
 23341.8793037898 4.1721290E-15
 23361.3510214266 4.6481140E-15
 23380.8179155693 4.2576030E-15
 23400.2799862178 4.7024280E-15
 23419.7372333723 4.1407960E-15
 23439.1896570325 4.8801420E-15
 23458.6372571987 4.3480790E-15
 23478.0800338707 5.4919850E-15
 23497.5179870486 4.8577840E-15
 23516.9511167323 4.1369720E-15
 23536.3794229219 5.0899010E-15
 23555.8029056174 4.3636390E-15
 23575.2215648187 4.2438750E-15
 23594.6354005259 5.2708840E-15
  23614.044412739 4.2888480E-15
 23633.4486014579 3.8576610E-15
 23652.8479666827 4.6570270E-15
 23672.2425084134 4.7349530E-15
 23691.6322266499 3.9740690E-15
 23711.0171213923 3.8665610E-15
 23730.3971926405 5.2068020E-15
 23749.7724403946 4.5162030E-15
 23769.1428646546 3.9366680E-15
 23788.5084654204 3.9043060E-15
 23807.8692426922 4.9091790E-15
 23827.2251964697 5.6543200E-15
 23846.5763267532 4.1450160E-15
 23865.9226335425 3.8148070E-15
 23885.2641168376 4.0294160E-15
 23904.6007766387 5.0943640E-15
 23923.9326129456 5.4064820E-15
 23943.2596257583 3.8540730E-15
 23962.5818150769 3.8484160E-15
 23981.8991809014 3.7878470E-15
 24001.2117232318 3.9106930E-15
  24020.519442068 5.9349040E-15
 24039.8223374101 5.9134150E-15
  24059.120409258 6.7401880E-15
 24078.4136576119 4.1265100E-15
 24097.7020824715 3.7688720E-15
 24116.9856838371 4.5491290E-15
 24136.2644617085 4.8484000E-15
 24155.5384160858 5.8019990E-15
 24174.8075469689 3.7223160E-15
 24194.0718543579 3.8112220E-15
 24213.3313382528 4.5977330E-15
 24232.5859986535 5.8396330E-15
 24251.8358355601 3.9809570E-15
