14571.95 1.362492
14575.61 1.3774
14579.27 1.290835
14582.92 1.227906
14586.58 1.285031
14590.24 1.352113
14593.9 1.350828
14597.55 1.283806
14601.21 1.332843
14604.87 1.451151
14608.53 1.543047
14612.18 1.547086
14615.84 1.439066
14619.5 1.339549
14623.15 1.308375
14626.81 1.303315
14630.47 1.336138
14634.13 1.354786
14637.78 1.307281
14641.44 1.281533
14645.1 1.28152
14648.76 1.286279
14652.41 1.329965
14656.07 1.339969
14659.73 1.34579
14663.39 1.363994
14667.04 1.358193
14670.7 1.349504
14674.36 1.395941
14678.01 1.417076
14681.67 1.376662
14685.33 1.355629
14688.99 1.384607
14692.64 1.466392
14696.3 1.453582
14699.96 1.349085
14703.62 1.456131
14707.27 1.672119
14710.93 1.653029
14714.59 1.479013
14718.25 1.463463
14721.9 1.565264
14725.56 1.522529
14729.22 1.448545
14732.88 1.477319
14736.53 1.486176
14740.19 1.471691
14743.85 1.480906
14747.5 1.485974
14751.16 1.463227
14754.82 1.456274
14758.48 1.432273
14762.13 1.299026
14765.79 1.236264
14769.45 1.231059
14773.11 1.290123
14776.76 1.438209
14780.42 1.336805
14784.08 1.254294
14787.73 1.474628
14791.39 1.462285
14795.05 1.208182
14798.71 1.347412
14802.36 1.516958
14806.02 1.232082
14809.68 1.160598
14813.34 1.440088
14816.99 1.537582
14820.65 1.373454
14824.31 1.316857
14827.96 1.467107
14831.62 1.531636
14835.28 1.313041
14838.94 1.150038
14842.59 1.272217
14846.25 1.464839
14849.91 1.445536
14853.57 1.165792
14857.22 1.056916
14860.88 1.203821
14864.54 1.58885
14868.2 1.657321
14871.85 1.311
14875.51 1.060576
14879.17 1.043047
14882.83 1.336642
14886.48 1.667567
14890.14 1.570937
14893.8 1.179479
14897.46 1.012589
14901.11 1.035476
14904.77 1.155257
14908.43 1.450999
14912.08 1.546443
14915.74 1.306036
14919.4 1.176212
14923.06 1.265832
14926.71 1.287325
14930.37 1.275326
14934.03 1.523789
14937.69 1.672214
14941.34 1.390816
14945. 1.092546
14948.66 1.012371
14952.31 1.010152
14955.97 1.017348
14959.63 1.221613
14963.29 1.714934
14966.94 1.939398
14970.6 1.606411
14974.26 1.29139
14977.92 1.183947
14981.57 1.110547
14985.23 1.059205
14988.89 1.022029
14992.54 1.186344
14996.2 1.720006
14999.86 2.005884
15003.52 1.640309
15007.17 1.308993
15010.83 1.263436
15014.49 1.167038
15018.15 1.063156
15021.8 1.057037
15025.46 1.062694
15029.12 1.096546
15032.78 1.475773
15036.43 2.000152
15040.09 1.927185
15043.75 1.456856
15047.41 1.29714
15051.06 1.343145
15054.72 1.272086
15058.38 1.149898
15062.03 1.081593
15065.69 1.000669
15069.35 0.9386295
15073.01 1.119881
15076.66 1.810222
15080.32 2.651098
15083.98 2.472628
15087.64 1.627136
15091.29 1.326672
15094.95 1.260079
15098.61 1.113686
15102.27 1.027441
15105.92 1.014541
15109.58 1.034108
15113.24 1.041495
15116.89 1.027744
15120.55 1.040576
15124.21 1.231224
15127.87 1.871607
15131.52 2.361579
15135.18 1.910221
15138.84 1.212288
15142.5 1.003395
15146.15 1.038714
15149.81 1.09004
15153.47 1.099173
15157.13 1.036763
15160.78 1.022005
15164.44 1.069134
15168.1 1.069006
15171.75 1.058709
15175.41 1.034388
15179.07 1.069572
15182.73 1.330171
15186.38 1.960246
15190.04 2.466809
15193.7 1.970306
15197.36 1.27906
15201.01 1.039105
15204.67 1.063286
15208.33 1.093433
15211.99 1.115804
15215.64 1.154065
15219.3 1.116084
15222.96 1.078939
15226.61 1.073704
15230.27 1.126477
15233.93 1.139132
15237.59 1.174855
15241.24 1.190785
15244.9 1.14762
15248.56 1.175941
15252.22 1.594699
15255.87 2.405918
15259.53 2.61526
15263.19 1.858071
15266.84 1.211725
15270.5 1.11049
15274.16 1.170756
15277.82 1.219086
15281.47 1.197224
15285.13 1.122878
15288.79 1.078496
15292.45 1.042881
15296.1 1.067319
15299.76 1.082067
15303.42 1.123452
15307.08 1.140939
15310.73 1.137837
15314.39 1.161193
15318.05 1.169764
15321.71 1.13395
15325.36 1.203476
15329.02 1.528069
15332.68 1.953869
15336.33 2.48623
15339.99 3.076874
15343.65 2.868873
15347.31 1.812043
15350.96 1.213553
15354.62 1.145151
15358.28 1.170256
15361.94 1.216701
15365.59 1.212298
15369.25 1.170038
15372.91 1.13909
15376.57 1.120449
15380.22 1.116166
15383.88 1.122918
15387.54 1.132173
15391.19 1.197792
15394.85 1.202713
15398.51 1.149794
15402.17 1.129556
15405.82 1.164412
15409.48 1.200641
15413.14 1.20137
15416.8 1.18194
15420.45 1.168371
15424.11 1.195714
15427.77 1.363171
15431.42 2.013373
15435.08 3.041897
15438.74 3.299221
15442.4 2.352083
15446.05 1.37593
15449.71 1.126101
15453.37 1.142975
15457.03 1.126606
15460.68 1.139136
15464.34 1.163283
15468. 1.168788
15471.66 1.161533
15475.31 1.169489
15478.97 1.184032
15482.63 1.193439
15486.29 1.15449
15489.94 1.117527
15493.6 1.116584
15497.26 1.119334
15500.91 1.094078
15504.57 1.079654
15508.23 1.111036
15511.89 1.157348
15515.54 1.20571
15519.2 1.183985
15522.86 1.153095
15526.52 1.177458
15530.17 1.199712
15533.83 1.175304
15537.49 1.111883
15541.14 1.099728
15544.8 1.233048
15548.46 1.57425
15552.12 2.832796
15555.77 4.247958
15559.43 3.372044
15563.09 1.661585
15566.75 1.219802
15570.4 1.181418
15574.06 1.148798
15577.72 1.15038
15581.38 1.223576
15585.03 1.270538
15588.69 1.21385
15592.35 1.195458
15596. 1.258043
15599.66 1.312167
15603.32 1.349511
15606.98 1.363161
15610.63 1.356934
15614.29 1.277308
15617.95 1.258437
15621.61 1.272774
15625.26 1.225577
15628.92 1.255378
15632.58 1.302417
15636.24 1.216804
15639.89 1.162388
15643.55 1.115447
15647.21 1.114989
15650.87 1.186602
15654.52 1.223327
15658.18 1.182056
15661.84 1.264279
15665.49 1.366614
15669.15 1.351767
15672.81 1.292624
15676.47 1.250997
15680.12 1.232566
15683.78 1.225325
15687.44 1.272121
15691.1 1.365972
15694.75 2.316211
15698.41 4.221269
15702.07 4.278186
15705.72 2.226362
15709.38 1.196306
15713.04 1.117691
15716.7 1.083355
15720.35 1.053163
15724.01 1.126992
15727.67 1.166811
15731.33 1.142972
15734.98 1.163498
15738.64 1.171523
15742.3 1.143184
15745.96 1.10849
15749.61 1.066697
15753.27 1.09699
15756.93 1.123266
15760.58 1.120252
15764.24 1.164185
15767.9 1.197923
15771.56 1.177534
15775.21 1.175196
15778.87 1.192963
15782.53 1.207306
15786.19 1.226931
15789.84 1.194193
15793.5 1.1228
15797.16 1.09872
15800.82 1.145647
15804.47 1.198824
15808.13 1.184494
15811.79 1.156359
15815.45 1.14154
15819.1 1.106414
15822.76 1.083987
15826.42 1.100279
15830.07 1.188861
15833.73 1.242433
15837.39 1.231322
15841.05 1.194088
15844.7 1.188538
15848.36 1.260454
15852.02 1.315848
15855.68 1.252774
15859.33 1.169905
15862.99 1.196259
15866.65 1.320804
15870.3 1.51444
15873.96 2.512104
15877.62 4.785848
15881.28 5.080291
15884.93 2.950501
15888.59 1.443714
15892.25 1.162628
15895.91 1.170083
15899.56 1.168103
15903.22 1.156829
15906.88 1.175721
15910.54 1.223024
15914.19 1.224007
15917.85 1.168641
15921.51 1.150684
15925.17 1.191669
15928.82 1.222368
15932.48 1.219824
15936.14 1.191263
15939.79 1.178804
15943.45 1.247506
15947.11 1.314146
15950.77 1.24604
15954.42 1.172631
15958.08 1.165046
15961.74 1.136675
15965.4 1.149767
15969.05 1.13986
15972.71 1.121307
15976.37 1.125597
15980.02 1.1273
15983.68 1.137309
15987.34 1.235737
15991. 1.41631
15994.65 1.449059
15998.31 1.305852
16001.97 1.192461
16005.63 1.259118
16009.28 1.390698
16012.94 1.371373
16016.6 1.263677
16020.26 1.186171
16023.91 1.051045
16027.57 1.020389
16031.23 1.040546
16034.88 1.089506
16038.54 1.120694
16042.2 1.149061
16045.86 1.161333
16049.51 1.176292
16053.17 1.160144
16056.83 1.139134
16060.49 1.152558
16064.14 1.209657
16067.8 1.274422
16071.46 1.282608
16075.12 1.276305
16078.77 1.320064
16082.43 1.359484
16086.09 1.29912
16089.74 1.2085
16093.4 1.219187
16097.06 1.329663
16100.72 1.701646
16104.37 2.975175
16108.03 5.127885
16111.69 5.52623
16115.35 3.363836
16119. 1.571007
16122.66 1.209111
16126.32 1.377354
16129.98 1.471837
16133.63 1.400399
16137.29 1.249381
16140.95 1.162847
16144.6 1.182824
16148.26 1.197871
16151.92 1.233495
16155.58 1.352959
16159.23 1.403314
16162.89 1.302425
16166.55 1.190235
16170.21 1.144127
16173.86 1.130814
16177.52 1.134099
16181.18 1.135262
16184.83 1.120433
16188.49 1.115837
16192.15 1.146135
16195.81 1.197399
16199.46 1.274852
16203.12 1.29442
16206.78 1.215062
16210.44 1.168114
16214.09 1.241036
16217.75 1.316073
16221.41 1.278988
16225.07 1.172545
16228.72 1.161527
16232.38 1.167461
16236.04 1.165331
16239.7 1.126489
16243.35 1.120954
16247.01 1.114624
16250.67 1.109957
16254.32 1.101224
16257.98 1.096996
16261.64 1.099379
16265.3 1.097688
16268.95 1.097721
16272.61 1.093968
16276.27 1.131631
16279.93 1.146424
16283.58 1.112717
16287.24 1.082442
16290.9 1.087327
16294.55 1.094927
16298.21 1.09569
16301.87 1.106606
16305.53 1.105186
16309.18 1.089395
16312.84 1.075868
16316.5 1.0536
16320.16 1.064938
16323.81 1.09327
16327.47 1.113328
16331.13 1.113346
16334.79 1.110898
16338.44 1.093303
16342.1 1.064046
16345.76 1.087721
16349.42 1.133888
16353.07 1.165251
16356.73 1.158899
16360.39 1.117029
16364.04 1.082599
16367.7 1.089395
16371.36 1.110914
16375.02 1.140959
16378.67 1.26119
16382.33 1.309826
16385.99 1.230831
16389.65 1.166048
16393.3 1.182087
16396.96 1.28279
16400.62 1.497136
16404.28 3.152157
16407.93 6.516781
16411.59 7.04724
16415.25 3.636671
16418.9 1.397442
16422.56 1.13624
16426.22 1.194619
16429.88 1.468223
16433.53 2.381447
16437.19 3.173092
16440.85 2.656225
16444.51 1.596653
16448.16 1.145406
16451.82 1.140012
16455.48 1.151677
16459.13 1.149951
16462.79 1.147562
16466.45 1.155837
16470.11 1.136722
16473.76 1.11508
16477.42 1.158939
16481.08 1.194518
16484.74 1.173883
16488.39 1.167424
16492.05 1.159316
16495.71 1.129159
16499.37 1.123998
16503.02 1.135418
16506.68 1.13102
16510.34 1.138542
16513.99 1.160451
16517.65 1.158598
16521.31 1.13118
16524.97 1.104462
16528.63 1.099696
16532.28 1.10749
16535.94 1.121341
16539.6 1.135173
16543.25 1.123903
16546.91 1.115076
16550.57 1.118055
16554.23 1.105973
16557.88 1.114725
16561.54 1.154342
16565.2 1.187753
16568.86 1.182404
16572.51 1.149462
16576.17 1.150785
16579.83 1.197182
16583.48 1.217175
16587.14 1.169336
16590.8 1.125745
16594.46 1.142656
16598.11 1.148035
16601.77 1.14364
16605.43 1.171979
16609.09 1.196403
16612.74 1.19326
16616.4 1.172397
16620.06 1.155215
16623.71 1.158614
16627.37 1.170046
16631.03 1.162237
16634.69 1.197289
16638.34 1.279172
16642. 1.28712
16645.66 1.206868
16649.32 1.144289
16652.97 1.142267
16656.63 1.151988
16660.29 1.128548
16663.95 1.114263
16667.6 1.137786
16671.26 1.195735
16674.92 1.262087
16678.57 1.23467
16682.23 1.168363
16685.89 1.092976
16689.55 1.0079
16693.21 1.082017
16696.86 1.178391
16700.52 1.164979
16704.18 1.101402
16707.83 1.102754
16711.49 1.198508
16715.15 1.288207
16718.8 1.286347
16722.46 1.182817
16726.12 1.13217
16729.78 1.185601
16733.44 1.222351
16737.09 1.224242
16740.75 1.235258
16744.41 1.281572
16748.06 1.336578
16751.72 1.325383
16755.38 1.266568
16759.04 1.253851
16762.69 1.293479
16766.35 1.496121
16770.01 1.706327
16773.67 1.649426
16777.32 1.528378
16780.98 1.446467
16784.64 1.338323
16788.29 1.259671
16791.95 1.282936
16795.61 1.451233
16799.27 1.672819
16802.92 3.02871
16806.58 7.213405
16810.24 9.591899
16813.9 5.696156
16817.55 1.957001
16821.21 1.218771
16824.87 1.266967
16828.53 1.241324
16832.18 1.198798
16835.84 1.177475
16839.5 1.182191
16843.15 1.179679
16846.81 1.167011
16850.47 1.150918
16854.13 1.156859
16857.79 1.17583
16861.44 1.198479
16865.1 1.202735
16868.76 1.167086
16872.41 1.150723
16876.07 1.161634
16879.73 1.131737
16883.38 1.104411
16887.04 1.11747
16890.7 1.124348
16894.36 1.112426
16898.02 1.069368
16901.67 1.071128
16905.33 1.165589
16908.99 1.197812
16912.64 1.152372
16916.3 1.144581
16919.96 1.125212
16923.62 1.097349
16927.27 1.068149
16930.93 1.079964
16934.59 1.077561
16938.25 1.053891
16941.9 1.06267
16945.56 1.078241
16949.22 1.031006
16952.88 1.010405
16956.53 1.018223
16960.19 1.058438
16963.85 1.062493
16967.5 1.048329
16971.16 1.060788
16974.82 1.098335
16978.48 1.118269
16982.13 1.111267
16985.79 1.073156
16989.45 1.076483
16993.11 1.076304
16996.76 1.249257
17000.42 2.811907
17004.08 5.299224
17007.73 4.474944
17011.39 2.050088
17015.05 1.196231
17018.71 1.121399
17022.36 1.070818
17026.02 1.046472
17029.68 1.044947
17033.34 1.082007
17036.99 1.101924
17040.65 1.071193
17044.31 1.064056
17047.96 1.063162
17051.62 1.047958
17055.28 1.037583
17058.94 1.018971
17062.59 1.021358
17066.25 1.039516
17069.91 1.049609
17073.57 1.036393
17077.22 1.068357
17080.88 1.077827
17084.54 1.060566
17088.2 1.070275
17091.85 1.056446
17095.51 1.039863
17099.17 1.032148
17102.83 1.053292
17106.48 1.101352
17110.14 1.156487
17113.8 1.159929
17117.46 1.099987
17121.11 1.090031
17124.77 1.092198
17128.43 1.093878
17132.08 1.097895
17135.74 1.08801
17139.4 1.083898
17143.06 1.086643
17146.71 1.075386
17150.37 1.068986
17154.03 1.090774
17157.69 1.105707
17161.34 1.074614
17165. 1.064157
17168.66 1.073418
17172.31 1.069391
17175.97 1.070633
17179.63 1.091967
17183.29 1.116437
17186.94 1.090736
17190.6 1.073237
17194.26 1.089018
17197.92 1.083968
17201.57 1.059175
17205.23 1.08267
17208.89 1.110304
17212.54 1.09565
17216.2 1.095249
17219.86 1.12105
17223.52 1.138336
17227.17 1.116517
17230.83 1.105664
17234.49 1.090611
17238.15 1.066984
17241.8 1.095316
17245.46 1.142062
17249.12 1.135371
17252.78 1.091205
17256.43 1.088847
17260.09 1.099508
17263.75 1.076013
17267.41 1.059331
17271.06 1.073137
17274.72 1.0882
17278.38 1.155656
17282.04 1.296095
17285.69 1.333849
17289.35 1.240919
17293.01 1.194459
17296.66 1.183253
17300.32 1.143684
17303.98 1.134373
17307.64 1.137094
17311.29 1.140301
17314.95 1.149484
17318.61 1.253731
17322.27 1.415081
17325.92 1.490977
17329.58 1.541007
17333.24 1.53292
17336.89 1.453765
17340.55 1.349286
17344.21 1.259703
17347.87 1.406618
17351.52 1.788852
17355.18 2.271717
17358.84 5.644698
17362.5 10.95677
17366.15 9.732012
17369.81 4.152204
17373.47 1.488029
17377.13 1.302122
17380.78 1.329046
17384.44 1.315727
17388.1 1.285689
17391.75 1.245681
17395.41 1.21449
17399.07 1.191853
17402.73 1.163183
17406.38 1.16603
17410.04 1.167185
17413.7 1.172611
17417.36 1.182698
17421.01 1.227544
17424.67 1.243793
17428.33 1.181767
17431.98 1.141036
17435.64 1.15941
17439.3 1.148929
17442.96 1.109291
17446.62 1.278931
17450.27 1.646003
17453.93 1.842865
17457.59 1.665979
17461.24 1.365519
17464.9 1.164113
17468.56 1.102617
17472.21 1.143482
17475.87 1.215199
17479.53 1.199745
17483.19 1.137583
17486.85 1.095453
17490.5 1.061255
17494.16 1.0777
17497.82 1.056654
17501.47 1.060803
17505.13 1.11127
17508.79 1.118337
17512.45 1.119575
17516.1 1.093619
17519.76 1.070049
17523.42 1.054651
17527.08 1.024896
17530.73 1.031958
17534.39 1.085362
17538.05 1.113584
17541.71 1.097299
17545.36 1.082029
17549.02 1.08869
17552.68 1.09613
17556.33 1.140202
17559.99 1.165989
17563.65 1.12112
17567.31 1.080658
17570.96 1.109247
17574.62 1.120961
17578.28 1.108011
17581.94 1.121144
17585.59 1.116684
17589.25 1.103891
17592.91 1.120305
17596.56 1.192348
17600.22 1.263013
17603.88 1.271993
17607.54 1.210778
17611.2 1.149223
17614.85 1.126319
17618.51 1.112375
17622.17 1.121264
17625.82 1.139802
17629.48 1.155483
17633.14 1.208145
17636.79 1.278954
17640.45 1.236933
19849. 1.178025
19851.77 1.216489
19854.54 1.262928
19857.3 1.278077
19860.07 1.254228
19862.84 1.237606
19865.61 1.280423
19868.38 1.34702
19871.14 1.344073
19873.91 1.262114
19876.68 1.190038
19879.45 1.167321
19882.21 1.15574
19884.98 1.141934
19887.75 1.135563
19890.52 1.14296
19893.29 1.173045
19896.05 1.211596
19898.82 1.212149
19901.59 1.161851
19904.36 1.116855
19907.13 1.119043
19909.89 1.137476
19912.66 1.148836
19915.43 1.16699
19918.2 1.17792
19920.97 1.164317
19923.73 1.140759
19926.5 1.124036
19929.27 1.110525
19932.04 1.092442
19934.81 1.066532
19937.57 1.045649
19940.34 1.065104
19943.11 1.123982
19945.88 1.155739
19948.65 1.127677
19951.41 1.087627
19954.18 1.067529
19956.95 1.061486
19959.72 1.059155
19962.49 1.026887
19965.25 0.9930672
19968.02 1.008787
19970.79 1.04502
19973.56 1.076423
19976.33 1.072953
19979.09 1.041125
19981.86 1.021039
19984.63 1.033181
19987.4 1.047734
19990.17 1.03343
19992.93 1.027543
19995.7 1.056111
19998.47 1.139021
20001.24 1.252962
20004.01 1.2695
20006.77 1.167557
20009.54 1.04693
20012.31 0.9969285
20015.08 1.036893
20017.85 1.113788
20020.61 1.155624
20023.38 1.17185
20026.15 1.197867
20028.92 1.197845
20031.69 1.158037
20034.46 1.130831
20037.22 1.117002
20039.99 1.101696
20042.76 1.099553
20045.53 1.121536
20048.29 1.171812
20051.06 1.22771
20053.83 1.198105
20056.6 1.081465
20059.37 1.009077
20062.13 1.037338
20064.9 1.083564
20067.67 1.089237
20070.44 1.073583
20073.21 1.060492
20075.97 1.056446
20078.74 1.062976
20081.51 1.054644
20084.28 1.019784
20087.04 1.002504
20089.81 1.035331
20092.58 1.090795
20095.35 1.123393
20098.12 1.108279
20100.88 1.060639
20103.65 1.044082
20106.42 1.073753
20109.19 1.079249
20111.96 1.086197
20114.72 1.106214
20117.49 1.107205
20120.26 1.094081
20123.03 1.131661
20125.8 1.208685
20128.56 1.215594
20131.33 1.137976
20134.1 1.072325
20136.87 1.058695
20139.64 1.080338
20142.4 1.098925
20145.17 1.107325
20147.94 1.07753
20150.71 1.080724
20153.48 1.144509
20156.24 1.181971
20159.01 1.151164
20161.78 1.094221
20164.55 1.077834
20167.32 1.12847
20170.08 1.144297
20172.85 1.097516
20175.62 1.09059
20178.39 1.117651
20181.16 1.154744
20183.92 1.167516
20186.69 1.110085
20189.46 1.040259
20192.23 1.058704
20195. 1.135772
20197.76 1.184196
20200.53 1.203299
20203.3 1.198663
20206.07 1.187803
20208.84 1.219638
20211.6 1.294058
20214.37 1.323565
20217.14 1.257775
20219.91 1.174018
20222.68 1.160105
20225.44 1.190995
20228.21 1.200899
20230.98 1.184142
20233.75 1.169879
20236.52 1.169363
20239.28 1.153795
20242.05 1.144826
20244.82 1.167232
20247.59 1.195328
20250.36 1.207529
20253.12 1.202669
20255.89 1.208296
20258.66 1.240664
20261.43 1.251603
20264.2 1.249058
20266.96 1.267034
20269.73 1.258791
20272.5 1.203279
20275.27 1.16919
20278.04 1.184257
20280.8 1.191556
20283.57 1.17591
20286.34 1.191161
20289.11 1.227461
20291.88 1.245699
20294.64 1.220501
20297.41 1.178418
20300.18 1.145447
20302.95 1.1374
20305.71 1.145249
20308.48 1.135382
20311.25 1.121389
20314.02 1.149844
20316.79 1.202522
20319.55 1.231608
20322.32 1.247242
20325.09 1.316464
20327.86 1.516852
20330.63 1.755094
20333.39 1.781428
20336.16 1.542681
20338.93 1.290858
20341.7 1.19582
20344.47 1.202795
20347.23 1.204203
20350. 1.186029
20352.77 1.185746
20355.54 1.200455
20358.31 1.206462
20361.07 1.18588
20363.84 1.157461
20366.61 1.154963
20369.38 1.166994
20372.15 1.177123
20374.91 1.189708
20377.68 1.182833
20380.45 1.174362
20383.22 1.200026
20385.99 1.221041
20388.75 1.206229
20391.52 1.18689
20394.29 1.184814
20397.06 1.18254
20399.83 1.195855
20402.59 1.274837
20405.36 1.390934
20408.13 1.47655
20410.9 1.51542
20413.67 1.492296
20416.43 1.404437
20419.2 1.347195
20421.97 1.392946
20424.74 1.445583
20427.51 1.392034
20430.27 1.283576
20433.04 1.203093
20435.81 1.173468
20438.58 1.16427
20441.35 1.151139
20444.11 1.134644
20446.88 1.133497
20449.65 1.153777
20452.42 1.159786
20455.19 1.147006
20457.95 1.157555
20460.72 1.164266
20463.49 1.17955
20466.26 1.218531
20469.03 1.216842
20471.79 1.188538
20474.56 1.195934
20477.33 1.207758
20480.1 1.197596
20482.87 1.20656
20485.63 1.226882
20488.4 1.239201
20491.17 1.227551
20493.94 1.182586
20496.71 1.135418
20499.47 1.128243
20502.24 1.15881
20505.01 1.182577
20507.78 1.171112
20510.54 1.160968
20513.31 1.181908
20516.08 1.194134
20518.85 1.177799
20521.62 1.154071
20524.38 1.143391
20527.15 1.14596
20529.92 1.170257
20532.69 1.184338
20535.46 1.166683
20538.22 1.154094
20540.99 1.167147
20543.76 1.171887
20546.53 1.148746
20549.3 1.129523
20552.06 1.153093
20554.83 1.20186
20557.6 1.212585
20560.37 1.202438
20563.14 1.248436
20565.9 1.32052
20568.67 1.26636
20571.44 1.549608
20574.21 4.533014
20576.98 12.73693
20579.74 22.60136
20582.51 24.24241
20585.28 14.98741
20588.05 5.18297
20590.82 1.619593
20593.58 1.343358
20596.35 1.366578
20599.12 1.396955
20601.89 1.47281
20604.66 1.428882
20607.42 1.281364
20610.19 1.152189
20612.96 1.092236
20615.73 1.095469
20618.5 1.11401
20621.26 1.125582
20624.03 1.135591
20626.8 1.132805
20629.57 1.115391
20632.34 1.103537
20635.1 1.089941
20637.87 1.06811
20640.64 1.059319
20643.41 1.08494
20646.18 1.154784
20648.94 1.22423
20651.71 1.244944
20654.48 1.223466
20657.25 1.190138
20660.02 1.150043
20662.78 1.117585
20665.55 1.131284
20668.32 1.180298
20671.09 1.196862
20673.86 1.154919
20676.62 1.121084
20679.39 1.146028
20682.16 1.169879
20684.93 1.170815
20687.7 1.146738
20690.46 1.162862
20693.23 1.219553
20696. 1.244589
20698.77 1.225385
20701.54 1.200191
20704.3 1.189514
20707.07 1.192968
20709.84 1.200692
20712.61 1.212768
20715.38 1.209298
20718.14 1.185367
20720.91 1.192456
20723.68 1.288347
20726.45 1.428746
20729.21 1.478348
20731.98 1.384987
20734.75 1.261774
20737.52 1.222754
20740.29 1.230127
20743.05 1.211868
20745.82 1.193811
20748.59 1.191723
20751.36 1.190866
20754.13 1.200102
20756.89 1.221009
20759.66 1.235891
20762.43 1.241571
20765.2 1.232582
20767.97 1.206351
20770.73 1.193197
20773.5 1.205569
20776.27 1.220013
20779.04 1.234114
20781.81 1.242945
20784.57 1.241377
20787.34 1.229295
20790.11 1.208924
20792.88 1.190534
20795.65 1.188319
20798.41 1.203794
20801.18 1.227773
20803.95 1.252268
20806.72 1.261213
20809.49 1.249405
20812.25 1.242525
20815.02 1.228693
20817.79 1.220307
20820.56 1.236014
20823.33 1.247915
20826.09 1.238878
20828.86 1.245657
20831.63 1.284789
20834.4 1.319724
20837.17 1.337021
20839.93 1.340544
20842.7 1.307535
20845.47 1.262949
20848.24 1.242229
20851.01 1.252556
20853.77 1.267725
20856.54 1.263096
20859.31 1.257198
20862.08 1.279716
20864.85 1.302854
20867.61 1.278728
20870.38 1.23559
20873.15 1.226215
20875.92 1.232999
20878.69 1.228733
20881.45 1.214693
20884.22 1.211769
20886.99 1.22303
20889.76 1.234
20892.53 1.244997
20895.29 1.257986
20898.06 1.256854
20900.83 1.258803
20903.6 1.287184
20906.37 1.291727
20909.13 1.27232
20911.9 1.238636
20914.67 1.212909
20917.44 1.220351
20920.21 1.253137
20922.97 1.278208
20925.74 1.278102
20928.51 1.26496
20931.28 1.254361
20934.04 1.236902
20936.81 1.203623
20939.58 1.190593
20942.35 1.210676
20945.12 1.216147
20947.88 1.204161
20950.65 1.213909
20953.42 1.234742
20956.19 1.228032
20958.96 1.197464
20961.72 1.167638
20964.49 1.153525
20967.26 1.165033
20970.03 1.1801
20972.8 1.189051
20975.56 1.205202
20978.33 1.208048
20981.1 1.191151
20983.87 1.171105
20986.64 1.170815
20989.4 1.192507
20992.17 1.212484
20994.94 1.236598
20997.71 1.289833
21000.48 1.326693
21003.24 1.302099
21006.01 1.25897
21008.78 1.228653
21011.55 1.205987
21014.32 1.196375
21017.08 1.203677
21019.85 1.215375
21022.62 1.224968
21025.39 1.225468
21028.16 1.203609
21030.92 1.191797
21033.69 1.212715
21036.46 1.197991
21039.23 1.170891
21042. 1.180751
21044.76 1.19702
21047.53 1.212783
21050.3 1.23815
21053.07 1.252535
21055.84 1.246866
21058.6 1.234851
21061.37 1.216128
21064.14 1.172652
21066.91 1.115047
21069.68 1.10283
21072.44 1.151461
21075.21 1.218907
21077.98 1.199114
21080.75 1.174533
21083.52 1.19616
21086.28 1.189
21089.05 1.161494
21091.82 1.16316
21094.59 1.189244
21097.36 1.185514
21100.12 1.156986
21102.89 1.155354
21105.66 1.176416
21108.43 1.182741
21111.2 1.286216
21113.96 1.772533
21116.73 2.597123
21119.5 3.034691
21122.27 2.597326
21125.04 1.884981
21127.8 1.607481
21130.57 1.665097
21133.34 1.617617
21136.11 1.403218
21138.88 1.217314
21141.64 1.154513
21144.41 1.151454
21147.18 1.142426
21149.95 1.12168
21152.71 1.110168
21155.48 1.125161
21158.25 1.147877
21161.02 1.152045
21163.79 1.147161
21166.55 1.147307
21169.32 1.155389
21172.09 1.161453
21174.86 1.157488
21177.63 1.150492
21180.39 1.140666
21183.16 1.128672
21185.93 1.132536
21188.7 1.15086
21191.47 1.157044
21194.23 1.150855
21197. 1.147998
21199.77 1.145348
21202.54 1.179138
21205.31 1.355473
21208.07 1.740955
21210.84 2.120589
21213.61 2.144753
21216.38 1.804275
21219.15 1.427396
21221.91 1.239451
21224.68 1.213544
21227.45 1.198708
21230.22 1.157144
21232.99 1.143
21235.75 1.144203
21238.52 1.134086
21241.29 1.133389
21244.06 1.159086
21246.83 1.172195
21249.59 1.144169
21252.36 1.121194
21255.13 1.134951
21257.9 1.148572
21260.67 1.142619
21263.43 1.140218
21266.2 1.144156
21268.97 1.157591
21271.74 1.190216
21274.51 1.200529
21277.27 1.149876
21280.04 1.086916
21282.81 1.075625
21285.58 1.095257
21288.35 1.10999
21291.11 1.133404
21293.88 1.146281
21296.65 1.137682
21299.42 1.120406
21302.19 1.116426
21304.95 1.128177
21307.72 1.144954
21310.49 1.15406
21313.26 1.144441
21316.03 1.125124
21318.79 1.11747
21321.56 1.122494
21324.33 1.128266
21327.1 1.130745
21329.87 1.128926
21332.63 1.123206
21335.4 1.123264
21338.17 1.13624
21340.94 1.148005
21343.71 1.140657
21346.47 1.125432
21349.24 1.126456
21352.01 1.141708
21354.78 1.15623
21357.54 1.166589
21360.31 1.174106
21363.08 1.196449
21365.85 1.247375
21368.62 1.279437
21371.38 1.256405
21374.15 1.216107
21376.92 1.196426
21379.69 1.187012
21382.46 1.176254
21385.22 1.171049
21387.99 1.170587
21390.76 1.157368
21393.53 1.140396
21396.3 1.152841
21399.06 1.177763
21401.83 1.179744
21404.6 1.162793
21407.37 1.153127
21410.14 1.165256
21412.9 1.181571
21415.67 1.181726
21418.44 1.181525
21421.21 1.181089
21423.98 1.190293
21426.74 1.220499
21429.51 1.248938
21432.28 1.240541
21435.05 1.205759
21437.82 1.187801
21440.58 1.193997
21443.35 1.205015
21446.12 1.227466
21448.89 1.265475
21451.66 1.292707
21454.42 1.283422
21457.19 1.254589
21459.96 1.23434
21462.73 1.220014
21465.5 1.211791
21468.26 1.212355
21471.03 1.211163
21473.8 1.205667
21476.57 1.205038
21479.34 1.210979
21482.1 1.213933
21484.87 1.209959
21487.64 1.212406
21490.41 1.233983
21493.18 1.256996
21495.94 1.241561
21498.71 1.194962
21501.48 1.183715
21504.25 1.217678
21507.02 1.241444
21509.78 1.246437
21512.55 1.241679
21515.32 1.225153
21518.09 1.205438
21520.86 1.184875
21523.62 1.166059
21526.39 1.16619
21529.16 1.214016
21531.93 1.321692
21534.7 1.42232
21537.46 1.40089
21540.23 1.274247
21543. 1.193803
21545.77 1.201976
21548.54 1.217928
21551.3 1.200597
21554.07 1.17604
21556.84 1.175363
21559.61 1.199896
21562.38 1.234177
21565.14 1.252704
21567.91 1.232342
21570.68 1.19573
21573.45 1.194885
21576.21 1.229138
21578.98 1.263456
21581.75 1.284364
21584.52 1.281703
21587.29 1.271924
21590.05 1.275858
21592.82 1.263844
21595.59 1.237069
21598.36 1.274347
21601.13 1.490369
21603.89 1.894124
21606.66 2.195006
21609.43 2.111435
21612.2 1.843318
21614.97 1.686677
21617.73 1.605883
21620.5 1.489434
21623.27 1.383185
21626.04 1.347019
21628.81 1.356902
21631.57 1.42765
21634.34 1.762695
21637.11 2.525192
21639.88 3.268558
21642.65 3.265796
21645.41 3.415312
21648.18 7.825905
21650.95 18.93708
21653.72 28.94173
21656.49 27.00766
21659.25 15.3405
21662.02 5.465828
21664.79 2.064516
21667.56 1.684197
21670.33 1.585025
21673.09 1.496748
21675.86 1.437792
21678.63 1.375122
21681.4 1.322199
21684.17 1.317239
21686.93 1.346643
21689.7 1.35525
21692.47 1.326707
21695.24 1.301983
21698.01 1.290124
21700.77 1.270393
21703.54 1.260371
21706.31 1.255306
21709.08 1.226043
21711.85 1.185959
21714.61 1.199527
21717.38 1.270357
21720.15 1.329193
21722.92 1.342092
21725.69 1.330639
21728.45 1.314979
21731.22 1.303244
21733.99 1.295553
21736.76 1.286578
21739.53 1.273864
21742.29 1.259777
21745.06 1.261484
21747.83 1.272875
21750.6 1.278307
21753.37 1.285814
21756.13 1.299092
21758.9 1.310192
21761.67 1.314692
21764.44 1.301232
21767.21 1.268777
21769.97 1.235857
21772.74 1.216035
21775.51 1.217783
21778.28 1.229777
21781.04 1.230355
21783.81 1.231012
21786.58 1.241027
21789.35 1.237947
21792.12 1.224081
21794.88 1.228597
21797.65 1.24394
21800.42 1.246354
21803.19 1.228835
21805.96 1.210445
21808.72 1.258227
21811.49 1.378336
21814.26 1.443056
21817.03 1.38354
21819.8 1.295474
21822.56 1.260175
21825.33 1.250347
21828.1 1.24639
21830.87 1.260153
21833.64 1.28496
21836.4 1.31068
21839.17 1.324593
21841.94 1.308717
21844.71 1.25736
21847.48 1.209879
21850.24 1.213964
21853.01 1.252887
21855.78 1.276261
21858.55 1.271322
21861.32 1.247837
21864.08 1.22261
21866.85 1.24469
21869.62 1.287118
21872.39 1.284926
21875.16 1.291177
21877.92 1.296192
21880.69 1.273933
21883.46 1.245991
21886.23 1.243249
21889. 1.27476
21891.76 1.311488
21894.53 1.323009
21897.3 1.308225
21900.07 1.27703
21902.84 1.251701
21905.6 1.250608
21908.37 1.25245
21911.14 1.23556
21913.91 1.21796
21916.68 1.226954
21919.44 1.253623
21922.21 1.270649
21924.98 1.275445
21927.75 1.273394
21930.52 1.258154
21933.28 1.233856
21936.05 1.209624
21938.82 1.194136
21941.59 1.196595
21944.36 1.205261
21947.12 1.193773
21949.89 1.170167
21952.66 1.174259
21955.43 1.214434
21958.2 1.249093
21960.96 1.244612
21963.73 1.228064
21966.5 1.235069
21969.27 1.246058
21972.04 1.261386
21974.8 1.367463
21977.57 1.58421
21980.34 1.721451
21983.11 1.620945
21985.88 1.416607
21988.64 1.295606
21991.41 1.257477
21994.18 1.250006
21996.95 1.250293
21999.71 1.284462
22002.48 1.391493
22005.25 1.495841
22008.02 1.487056
22010.79 1.386389
22013.55 1.291659
22016.32 1.237771
22019.09 1.212954
22021.86 1.214099
22024.63 1.228937
22027.39 1.239282
22030.16 1.235936
22032.93 1.235228
22035.7 1.250245
22038.46 1.248776
22041.23 1.237287
22044. 1.246332
22046.77 1.261327
22049.54 1.264494
22052.3 1.271708
22055.07 1.284553
22057.84 1.275768
22060.61 1.261736
22063.38 1.278247
22066.14 1.287184
22068.91 1.266077
22071.68 1.257274
22074.45 1.268692
22077.22 1.268736
22079.98 1.266944
22082.75 1.288562
22085.52 1.310278
22088.29 1.30119
22091.06 1.29137
22093.82 1.299402
22096.59 1.296904
22099.36 1.296485
22102.13 1.299911
22104.9 1.280257
22107.66 1.249019
22110.43 1.230279
22113.2 1.235786
22115.97 1.265983
22118.74 1.281798
22121.51 1.236696
22124.27 1.166295
22127.04 1.158312
22129.81 1.203283
22132.58 1.249929
22135.35 1.295618
22138.11 1.333318
22140.88 1.328382
22143.65 1.289839
22146.42 1.273197
22149.19 1.295754
22151.95 1.303432
22154.72 1.265858
22157.49 1.257783
22160.26 1.318199
22163.03 1.362494
22165.79 1.330068
22168.56 1.263272
22171.33 1.250109
22174.1 1.332605
22176.87 1.457898
22179.63 1.52074
22182.4 1.467027
22185.17 1.374465
22187.94 1.334274
22190.71 1.326207
22193.47 1.317297
22196.24 1.289334
22199.01 1.242197
22201.78 1.217163
22204.54 1.243332
22207.31 1.303916
22210.08 1.339863
22212.85 1.321538
22215.62 1.304669
22218.38 1.337219
22221.15 1.452189
22223.92 1.652085
22226.69 1.781983
22229.46 1.684791
22232.22 1.477864
22234.99 1.382414
22237.76 1.402937
22240.53 1.41113
22243.29 1.356974
22246.06 1.289136
22248.83 1.249196
22251.6 1.234748
22254.37 1.251689
22257.14 1.285714
22259.9 1.325919
22262.67 1.357452
22265.44 1.353631
22268.21 1.329995
22270.98 1.311257
22273.74 1.287536
22276.51 1.284304
22279.28 1.305358
22282.05 1.30182
22284.82 1.294242
22287.58 1.330119
22290.35 1.379562
22293.12 1.374842
22295.89 1.319694
22298.66 1.28751
22301.42 1.315549
22304.19 1.337179
22306.96 1.337867
22309.73 1.348944
22312.5 1.344451
22315.26 1.336637
22318.03 1.354275
22320.8 1.388717
22323.57 1.413543
22326.34 1.433136
22329.1 1.44916
22331.87 1.455546
22334.64 1.475797
22337.41 1.50288
22340.18 1.498399
22342.94 1.469817
22345.71 1.458406
22348.48 1.49128
22351.25 1.534477
22354.02 1.548434
22356.78 1.534163
22359.55 1.506753
22362.32 1.49785
22365.09 1.507036
22367.86 1.492392
22370.62 1.455666
22373.39 1.448425
22376.16 1.487554
22378.93 1.508819
22381.7 1.485399
22384.46 1.477754
22387.23 1.488958
22390. 1.480731
22392.77 1.473737
22395.54 1.495276
22398.3 1.515003
22401.07 1.51233
22403.84 1.50413
22406.61 1.486924
22409.38 1.458974
22412.14 1.462703
22414.91 1.512692
22417.68 1.551976
22420.45 1.545072
22423.21 1.52223
22425.98 1.502145
22428.75 1.472181
22431.52 1.454523
22434.29 1.475906
22437.05 1.492883
22439.82 1.47577
22442.59 1.45595
22445.36 1.449584
22448.13 1.45285
22450.89 1.472611
22453.66 1.493873
22456.43 1.48434
22459.2 1.468961
22461.96 1.51295
22464.73 1.68116
22467.5 1.957477
22470.27 2.099525
22473.04 1.919811
22475.8 1.632086
22478.57 1.47898
22481.34 1.443474
22484.11 1.449863
22486.88 1.451814
22489.64 1.430836
22492.41 1.414708
22495.18 1.416566
22497.95 1.423378
22500.72 1.446999
22503.48 1.48738
22506.25 1.50462
22509.02 1.49017
22511.79 1.477195
22514.56 1.466806
22517.32 1.448216
22520.09 1.440523
22522.86 1.462335
22525.63 1.511184
22528.4 1.549174
22531.16 1.523629
22533.93 1.461142
22536.7 1.428864
22539.47 1.447837
22542.24 1.485779
22545. 1.482036
22547.77 1.420833
22550.54 1.354475
22553.31 1.352118
22556.08 1.399268
22558.84 1.406296
22561.61 1.393574
22564.38 1.410997
22567.15 1.423787
22569.92 1.431702
22572.68 1.42598
22575.45 1.400957
22578.22 1.390684
22580.99 1.403343
22583.76 1.415661
22586.52 1.408023
22589.29 1.400919
22592.06 1.405464
22594.83 1.413304
22597.6 1.423907
22600.36 1.427095
22603.13 1.421367
22605.9 1.410433
22608.67 1.395569
22611.44 1.387523
22614.2 1.387492
22616.97 1.390411
22619.74 1.398658
22622.51 1.409544
22625.28 1.436994
22628.04 1.477858
22630.81 1.457931
22633.58 1.393852
22636.35 1.383443
22639.12 1.401225
22641.88 1.414926
22644.65 1.442486
22647.42 1.433412
22650.19 1.373007
22652.96 1.344621
22655.72 1.373886
22658.49 1.414436
22661.26 1.431179
22664.03 1.436363
22666.79 1.417511
22669.56 1.377285
22672.33 1.372867
22675.1 1.387014
22677.87 1.376665
22680.63 1.360536
22683.4 1.371471
22686.17 1.410778
22688.94 1.423854
22691.71 1.394906
22694.47 1.386499
22697.24 1.407242
22700.01 1.42096
22702.78 1.431305
22705.55 1.440473
22708.31 1.42415
22711.08 1.390273
22713.85 1.377316
22716.62 1.386527
22719.39 1.390316
22722.15 1.399856
22724.92 1.43301
22727.69 1.440481
22730.46 1.398974
22733.23 1.370075
22735.99 1.392562
22738.76 1.41431
22741.53 1.383196
22744.3 1.348733
22747.07 1.380958
22749.83 1.451302
22752.6 1.483185
22755.37 1.45872
22758.14 1.426498
22760.91 1.410841
22763.67 1.420168
22766.44 1.463608
22769.21 1.496089
22771.98 1.487287
22774.75 1.476453
22777.51 1.473879
22780.28 1.448518
22783.05 1.436522
22785.82 1.467737
22788.59 1.480023
22791.35 1.44976
22794.12 1.442703
22796.89 1.458686
22799.66 1.470892
22802.43 1.483484
22805.19 1.465232
22807.96 1.4285
22810.73 1.426166
22813.5 1.429117
22816.27 1.430735
22819.03 1.495702
22821.8 1.582603
22824.57 1.57052
22827.34 1.475842
22830.11 1.439789
22832.87 1.462241
22835.64 1.468794
22838.41 1.453616
22841.18 1.427889
22843.95 1.43764
22846.71 1.486282
22849.48 1.527632
22852.25 1.566653
22855.02 1.648304
22857.79 1.786787
22860.55 1.892828
22863.32 1.856889
22866.09 1.698202
22868.86 1.559552
22871.63 1.510798
22874.39 1.489645
22877.16 1.468509
22879.93 1.440077
22882.7 1.398982
22885.46 1.367607
22888.23 1.406271
22891. 1.513521
22893.77 1.557492
22896.54 1.501813
22899.3 1.430845
22902.07 1.385614
22904.84 1.371605
22907.61 1.381008
22910.38 1.391944
22913.14 1.415907
22915.91 1.454994
22918.68 1.44585
22921.45 1.417907
22924.22 1.431417
22926.98 1.442825
22929.75 1.41429
22932.52 1.374337
22935.29 1.393534
22938.06 1.488926
22940.82 1.539797
22943.59 1.484923
22946.36 1.450008
22949.13 1.445862
22951.9 1.38639
22954.66 1.351723
22957.43 1.391799
22960.2 1.415375
22962.97 1.397504
22965.74 1.383221
22968.5 1.382799
22971.27 1.397989
22974.04 1.370315
22976.81 1.343426
22979.58 1.333124
22982.34 1.322301
22985.11 1.341261
22987.88 1.389741
22990.65 1.440051
22993.42 1.444857
22996.18 1.422356
22998.95 1.391704
23001.72 1.354231
23004.49 1.376107
23007.26 1.438909
23010.02 1.46059
23012.79 1.442922
23015.56 1.408929
23018.33 1.405491
23021.1 1.458967
23023.86 1.496398
23026.63 1.466588
23029.4 1.425125
23032.17 1.451879
23034.94 1.489239
23037.7 1.442017
23040.47 1.378475
23043.24 1.352139
23046.01 1.326327
23048.78 1.391617
23051.54 1.424176
23054.31 1.405044
23057.08 1.446109
23059.85 1.477361
23062.62 1.44959
23065.38 1.44242
23068.15 1.518988
23070.92 1.58092
23073.69 1.535368
23076.46 1.497609
23079.22 1.519957
23081.99 1.507643
23084.76 1.432438
23087.53 1.39304
23090.29 1.46595
23093.06 1.538133
23095.83 1.461441
23098.6 1.421826
23101.37 1.482616
23104.13 1.574022
23106.9 1.615046
23109.67 1.484598
23112.44 1.351431
23115.21 1.35974
23117.97 1.477598
23120.74 1.523936
23123.51 1.443811
23126.28 1.33348
23129.05 1.309786
23131.81 1.409903
23134.58 1.487705
23137.35 1.422543
23140.12 1.32405
23142.89 1.291144
23145.65 1.321324
23148.42 1.433274
23151.19 1.546652
23153.96 1.489155
23156.73 1.362175
23159.49 1.315304
23162.26 1.315541
23165.03 1.380127
23167.8 1.498215
23170.57 1.511471
23173.33 1.39141
23176.1 1.276147
23178.87 1.223465
23181.64 1.245209
23184.41 1.368143
23187.17 1.517786
23189.94 1.532635
23192.71 1.414387
23195.48 1.325074
23198.25 1.254636
23201.01 1.199892
23203.78 1.249271
23206.55 1.394618
23209.32 1.550717
23212.09 1.578235
23214.85 1.472538
23217.62 1.364735
23220.39 1.303641
23223.16 1.286312
23225.93 1.286005
23228.69 1.312257
23231.46 1.430551
23234.23 1.532929
23237. 1.45489
23239.77 1.310147
23242.53 1.256103
23245.3 1.24609
23248.07 1.238356
23250.84 1.250587
23253.61 1.265699
23256.37 1.368817
23259.14 1.552494
23261.91 1.573764
23264.68 1.414157
23267.45 1.302482
23270.21 1.288854
23272.98 1.278192
23275.75 1.235242
23278.52 1.203086
23281.29 1.229132
23284.05 1.293369
23286.82 1.453297
23289.59 1.601839
23292.36 1.51935
23295.13 1.332286
23297.89 1.222068
23300.66 1.180828
23303.43 1.173917
23306.2 1.217288
23308.96 1.271178
23311.73 1.277715
23314.5 1.305283
23317.27 1.428874
23320.04 1.577229
23322.8 1.556345
23325.57 1.371987
23328.34 1.242282
23331.11 1.252282
23333.88 1.316913
23336.64 1.363699
23339.41 1.336116
23342.18 1.277174
23344.95 1.267656
23347.72 1.271344
23350.48 1.333591
23353.25 1.498619
23356.02 1.596381
23358.79 1.554782
23361.56 1.457522
23364.32 1.389168
23367.09 1.310725
23369.86 1.25578
23372.63 1.253952
23375.4 1.267039
23378.16 1.307308
23380.93 1.35554
23383.7 1.368421
23386.47 1.326181
23389.24 1.316809
23392. 1.496396
23394.77 1.683817
23397.54 1.591431
23400.31 1.426624
23403.08 1.355331
23405.84 1.294498
23408.61 1.274809
23411.38 1.324121
23414.15 1.349418
23416.92 1.328284
23419.68 1.329371
23422.45 1.367801
23425.22 1.369783
23427.99 1.329001
23430.76 1.347813
23433.52 1.555346
23436.29 1.875045
23439.06 1.973047
23441.83 1.764132
23444.6 1.546733
23447.36 1.463926
23450.13 1.432824
23452.9 1.399137
23455.67 1.351441
23458.44 1.326319
23461.2 1.337838
23463.97 1.357032
23466.74 1.347612
23469.51 1.319339
23472.28 1.333111
23475.04 1.423639
23477.81 1.557379
23480.58 1.729877
23483.35 1.913758
23486.12 1.929625
23488.88 1.700054
23491.65 1.437233
23494.42 1.329827
23497.19 1.319118
23499.96 1.337427
23502.72 1.358214
23505.49 1.353516
23508.26 1.346295
23511.03 1.384868
23513.79 1.44943
23516.56 1.446206
23519.33 1.396825
23522.1 1.382831
23524.87 1.380961
23527.63 1.38755
23530.4 1.444253
23533.17 1.599825
23535.94 1.825936
23538.71 1.904231
23541.47 1.750059
23544.24 1.60358
23547.01 1.615565
23549.78 1.650446
23552.55 1.613875
23555.31 1.556587
23558.08 1.507046
23560.85 1.503992
23563.62 1.544751
23566.39 1.531009
23569.15 1.457262
23571.92 1.425356
23574.69 1.417886
23577.46 1.387466
23580.23 1.400905
23582.99 1.481443
23585.76 1.566448
23588.53 1.614484
23591.3 1.752967
23594.07 1.974304
23596.83 2.046032
23599.6 1.852064
23602.37 1.589931
23605.14 1.46013
23607.91 1.459004
23610.67 1.431399
23613.44 1.41691
23616.21 1.416633
23618.98 1.399406
23621.75 1.40725
23624.51 1.445236
23627.28 1.455662
23630.05 1.437203
23632.82 1.434651
23635.59 1.419946
23638.35 1.368189
23641.12 1.343702
23643.89 1.37564
23646.66 1.442962
23649.43 1.511908
23652.19 1.529075
23654.96 1.540599
23657.73 1.737414
23660.5 2.074509
23663.27 2.116249
23666.03 1.811534
23668.8 1.514635
23671.57 1.38305
23674.34 1.356181
23677.11 1.37212
23679.87 1.389149
23682.64 1.38035
23685.41 1.359451
23688.18 1.343581
23690.95 1.341649
23693.71 1.375371
23696.48 1.417158
23699.25 1.415698
23702.02 1.386601
23704.79 1.361988
23707.55 1.375766
23710.32 1.393161
23713.09 1.39737
23715.86 1.403969
23718.63 1.404681
23721.39 1.410135
23724.16 1.418585
23726.93 1.426613
23729.7 1.523965
23732.46 1.792546
23735.23 2.08006
23738. 2.074973
23740.77 1.763264
23743.54 1.480399
23746.3 1.403321
23749.07 1.412065
23751.84 1.386448
23754.61 1.338968
23757.38 1.329875
23760.14 1.362022
23762.91 1.403055
23765.68 1.423981
23768.45 1.419524
23771.22 1.432119
23773.98 1.425504
23776.75 1.374401
23779.52 1.368307
23782.29 1.403101
23785.06 1.405231
23787.82 1.390658
23790.59 1.361331
23793.36 1.327005
23796.13 1.327335
23798.9 1.343576
23801.66 1.339752
23804.43 1.32243
23807.2 1.32781
23809.97 1.356787
23812.74 1.425878
23815.5 1.676199
23818.27 2.104237
23821.04 2.297786
23823.81 1.990505
23826.58 1.552099
23829.34 1.370221
23832.11 1.352497
23834.88 1.311577
23837.65 1.301513
23840.42 1.367162
23843.18 1.419311
23845.95 1.410877
23848.72 1.426726
23851.49 1.530502
23854.26 1.696785
23857.02 1.779562
23859.79 1.693142
23862.56 1.544955
23865.33 1.457556
23868.1 1.419152
23870.86 1.40274
23873.63 1.404634
23876.4 1.394031
23879.17 1.391936
23881.94 1.431433
23884.7 1.460223
23887.47 1.441317
23890.24 1.427408
23893.01 1.438103
23895.78 1.388722
23898.54 1.325667
23901.31 1.356275
23904.08 1.399171
23906.85 1.38952
23909.62 1.478522
23912.38 1.84278
23915.15 2.255194
23917.92 2.251367
23920.69 1.830346
23923.46 1.478515
23926.22 1.410922
23928.99 1.434458
23931.76 1.429646
23934.53 1.414926
23937.29 1.401479
23940.06 1.397477
23942.83 1.391518
23945.6 1.381119
23948.37 1.384414
23951.13 1.399507
23953.9 1.409956
23956.67 1.398494
23959.44 1.381447
23962.21 1.398394
23964.97 1.40373
23967.74 1.382822
23970.51 1.381674
23973.28 1.398669
23976.05 1.397289
23978.81 1.38563
23981.58 1.370887
23984.35 1.360877
23987.12 1.377691
23989.89 1.38683
23992.65 1.359052
23995.42 1.337209
23998.19 1.342989
24000.96 1.362059
24003.73 1.371058
24006.49 1.365665
24009.26 1.365027
24012.03 1.378074
24014.8 1.408438
24017.57 1.471882
24020.33 1.680767
24023.1 2.129007
24025.87 2.491457
24028.64 2.338147
24031.41 1.893258
24034.17 1.614707
24036.94 1.52626
24039.71 1.458351
24042.48 1.397793
24045.25 1.376386
24048.01 1.440765
24050.78 1.773097
24053.55 2.373225
24056.32 2.712556
24059.09 2.405242
24061.85 1.851848
24064.62 1.534733
24067.39 1.439041
24070.16 1.407732
24072.93 1.401291
24075.69 1.402635
24078.46 1.39366
24081.23 1.38481
24084. 1.380807
24086.77 1.362111
24089.53 1.321677
24092.3 1.252216
24095.07 1.275143
24097.84 1.310519
24100.61 1.308995
24103.37 1.304356
24106.14 1.31433
24108.91 1.333019
24111.68 1.343285
24114.45 1.363386
24117.21 1.480725
24119.98 1.754079
24122.75 1.981469
24125.52 1.972347
24128.29 1.728863
24131.05 1.451021
24133.82 1.342387
24136.59 1.338339
24139.36 1.364689
24142.13 1.379578
24144.89 1.377461
24147.66 1.525201
24150.43 2.00703
24153.2 2.422164
24155.96 2.252418
24158.73 1.756169
24161.5 1.466879
24164.27 1.400125
24167.04 1.363323
24169.8 1.373468
24172.57 1.398673
24175.34 1.361411
24178.11 1.292338
24180.88 1.273225
24183.64 1.280823
24186.41 1.290959
24189.18 1.29696
24191.95 1.33573
24194.71 1.415406
24197.48 1.463175
24200.25 1.437484
24203.02 1.410644
24205.79 1.411191
24208.55 1.401406
24211.32 1.391973
24214.09 1.398485
24216.86 1.400618
24219.63 1.437173
24222.39 1.672967
24225.16 2.084657
24227.93 2.297072
24230.7 2.059912
24233.47 1.65209
24236.24 1.442529
24239. 1.410753
24241.77 1.412363
24244.54 1.424278
24247.31 1.430506
24250.08 1.417655
24252.84 1.415438
24255.61 1.409509
24258.38 1.396174
24261.15 1.40542
24263.92 1.434049
24266.68 1.456568
24269.45 1.467556
24272.22 1.447867
24274.99 1.401001
24277.76 1.347846
24280.52 1.335528
24283.29 1.411974
24286.06 1.500019
24288.83 1.50584
24291.6 1.471406
24294.36 1.448947
24297.13 1.540187
24299.9 1.927942
24302.67 2.453969
24305.44 2.605691
24308.2 2.234832
24310.97 1.741836
24313.74 1.458733
24316.51 1.364274
24319.28 1.347624
24322.04 1.376524
24324.81 1.426502
24327.58 1.432851
24330.35 1.392278
24333.12 1.361289
24335.88 1.359817
24338.65 1.359255
24341.42 1.311935
24344.19 1.207683
24346.96 1.12713
24349.72 1.183844
24352.49 1.299662
24355.26 1.355729
24358.03 1.441291
24360.79 1.559647
24363.56 1.624676
24366.33 1.648922
24369.1 1.597192
24371.87 1.462368
24374.63 1.353579
24377.4 1.320693
24380.17 1.326511
24382.94 1.328081
24385.71 1.3228
24388.47 1.335845
24391.24 1.344557
24394.01 1.334353
24396.78 1.34141
24399.55 1.35718
24402.31 1.352096
24405.08 1.333067
24407.85 1.327371
24410.62 1.338462
24413.39 1.324739
24416.15 1.299634
24418.92 1.300003
24421.69 1.330318
24424.46 1.368982
24427.23 1.378891
24429.99 1.362919
24432.76 1.33676
24435.53 1.289835
24438.3 1.286157
24441.07 1.333986
24443.83 1.378968
24446.6 1.406171
24449.37 1.407174
24452.14 1.380913
24454.91 1.373716
24457.67 1.372262
24460.44 1.301191
24463.21 1.243957
24465.98 1.345852
24468.75 1.511941
24471.51 1.577501
24474.28 1.690221
24477.05 2.103844
24479.82 2.608453
24482.59 2.76878
24485.35 2.450523
24488.12 1.92218
24490.89 1.578653
24493.66 1.446843
24496.43 1.39798
24499.19 1.389048
24501.96 1.347866
24504.73 1.253008
24507.5 1.225228
24510.27 1.384834
24513.03 1.504587
24515.8 1.48232
24518.57 1.433915
24521.34 1.406454
24524.11 1.415916
24526.87 1.446559
24529.64 1.417418
24532.41 1.311547
24535.18 1.254082
24537.95 1.385085
24540.71 1.600284
24543.48 1.665886
24546.25 1.595906
24549.02 1.508366
24551.79 1.428549
24554.55 1.383399
24557.32 1.392129
24560.09 1.434178
24562.86 1.43218
24565.63 1.373755
24568.39 1.336677
24571.16 1.349685
24573.93 1.331409
24576.7 1.320451
24579.46 1.380498
24582.23 1.417113
24585. 1.42061
